natives_american_inuit = {
	graphical_culture = inuitgfx
	color = { 0 255  255 }
	icon = 4
	
	unit = native_indian_archer
	
	provinces = {
	# North America
	972 973 974 975 976 977 978 979 992 993 994 995 996 997 998 999 1001 1002 1003 1004 1005
	1006 1007 1008 1009 1010 1011 1805 1806 1807 1811 1812 1810 1813 1814 2131 2092 2086 3020
	3019 3032 3034 3016 3015 3014 3013 3026 3027 3028 3029 3030 3033 3035 3037 3036 3038
	3046 3047 3048 2087 3040 3039 3045
	# Greenland
	1000 2088 2089 2090 2091 2093 
	3322 3323 4662 1804 1104 1105 
	
	}
}

natives_american_na = {
graphical_culture = northamericagfx
color = { 0 255  0 }
icon = 1

unit = native_indian_archer

	provinces = {
	# Other Bits of North America
	835 867 868 869 870 871 872 873 874 875 876
	877 878 879 880 881 882 883 884 885 886 887 888 889 890 891 892 893 894 895 896 897
	898 899 900 901 902 903 904 905 906 907 908 909 910 911 912 913 914 915 916 917 918
	919 920 921 922 923 924 925 926 927 928 929 930 931 932 933 934 935 936 937 938 939
	940 941 942 943 944 945 946 947 948 949 950 951 952 953 954 955 956 957 958 959 960
	961 962 963 964 965 966 967 968 969 3001 971 980 981 982 983 984 985 986 987 988 989
	990 991 1808 1809 2144 2132 2133 2134 2135 2136 2137 3002 2139 2140 2141 2142 2094
	2078 2081 2143 2145 2146 2949 2950 2988 2987 3021 3023 3025 3010 3011 3012 3024
	3017 3007 3008 3009 3005 3006 3022 3062 2974 2977 2980 2993 2994 2996 2997 3003 2963
	2966 2965 2964 2968 2969 2967 2970 2971 2972 2973 2976 2975 2978 2979 2982 2981 2992
	2989 2990 2991 2995 2998 970 2999 3000 2138 2926 2927 3053 2929 2928 3050 3051 3052
	3054 3041 3042 3043 2091 3044 3049 2956 2952 2953 2985 2984 2986 2983 2960 2959 2958
	2957 2961 2962 2936 2937 2939 2940 3056 3057 3058 3059 3060 2085 2946 2947 2943 2948
	2951 2954 2955 3061 3062 2941 2938 2942 2945 2944 3004 3018 3055 2935 2934 2933 2932
	2930 2931 2922 2923 2924 2925 2921 2079 2080 2082 2083 2084 4773 4774 4775 4776 4777 
	4778 4779 4780 4781 4782 4783 4784 4785 4786
	}
}

natives_american_ma = {
graphical_culture = southamericagfx
color = { 255  255  0 }
icon = 5

unit = native_indian_archer

	provinces = {
	# Mesoamerican
	858 857 856 855 854 2655 852 853 848 850 849 847 844 845 846 843 842 841 840 839 838
	837 836 861 864 863 862 865 866 859 860 2915 2661 2919 2913 2918 2916 2920 2658 2659
	2654 851 2660 2653 2648 2646 2645 2644 2640 2637 2635 2641 2634 2632 2642 2630 2663
	2662 2656 2650 2651 2647 2649 2652 2643 2639 2638 2636 2633 2657 2628 2629 2631 2627
	2710 2917 2914 4718 4719 4720 4721 4722 4723 4724 4725 4726 4727 4728 4729 4730 4731 
	4732 4733 4734 4735 4736 4737 4738 4739 4740 4741 4742 4743 4745 4746 4754 4787 4788 
	4789 4790 4791 4792 4793 4794 4795 4796 4797 4798
	}
}

natives_american_sa = {
graphical_culture = southamericagfx
color = { 255  0  0 }
icon = 6

unit = native_indian_archer

	provinces = {
	# The Carribean
	481 482 483 484 485 486 487 488 489 490 491 492 493 494 495 496 497 498 499 500 501
	502 1881 2624 2625 2626 2622 2623
	
	# South American
	741 2830 743 744 2826 746 747 748 749 2811 751 752 753 2813 754 756 757 758 759 760 761
	762 763 764 765 766 768 769 772 773 776 2777 2769 778 779 2748 2747 782
	783 784 785 2752 787 790 791 792 1742 794 2738 796 2740 1170 799 800 801 802 803
	804 805 806 807 808 809 810 811 812 813 814 2067 816 817 818 819 820 821 822 823 824
	825 826 827 828 829 830 831 832 834 1802 1803 1095 2002 2077
	2828 742 2829 2712 2835 2834 2833 2832 2069 833 2836 2715 2716 2717 2713 2714 2711
	2718 2719 2720 2723 2721 2724 2726 2725 2730 2729 2728 2741 2733 2732 2734 2736 2765
	2766 2737 2743 793 2764 2763 2762 788 2761 2757 777 2760 2773 2772 2774 2770
	2768 2771 771 2775 2776 2759 789 2744 2753 786 2758 2754 2751 781 780
	2750 2755 2745 2746 2749 3063 2756 2767 2779 2785 2735 2778 770 2806 2814 2780
	775 2071 2818 2800 2793 2784 2794
	2781 2782 2783 2796 2795 2073 2788 2787 2786 2789 2790 767 2791 2801 2802 2072 2803
	2809 2808 2807 2810 2797 2798 2799 2792 774 755 2812 2804 2815 2805 750 2816 2070
	2817 2075 2827 2822 2074 2820 2821 745 2819 2831 795 797 798 2722 2727 815
	2739 2731
	#An Island
	1095
	2068 2076
	
	4744 4747 4748 4749 4750 4751 4752 4753 4755 4756 4757 4758 4759 4760 4761 4762 4763 
	4764 4765 4766 4767 4768 4769 4770 4771 4772 4799 4800
	}
}

natives_african = {
graphical_culture = africangfx
color = { 180  180  80 }
icon = 2

unit = african_spearmen

	provinces = {
		#North africa
		334 335 336 337 338 339 340 341 342 343 344 345 346 347 348 349 350 351 352 353 354
		355 356 357 358 359 360 361 362 363 364 365 1751 1793 1794 1795 1882
		4443 4717 4654 4438 4439 4440 4441 4442
		4655 4653 4710 4652 4651 4709 3140 4705
		4713 4707 4711 4712 4268 4704 4706
		
		#Various Islands
		1096 1097 1098 1099 1100 1101 1102 1103 1792
		#Most of Africa
		1110 1111 1112 1113 1114 1115 1116 1117 1118 1119 1120 1121 1122 1123 1124 1125 1126
		1127 1128 1129 1130 1131 1132 1133 1134 1135 1136 1137 1138 1139 1140 1141 1142 1143
		1144 1145 1146 1147 1148 1149 1150 1151 1152 1153 1154 1155 1156 1157 1158 1159 1160
		1161 1162 1163 1164 1165 1166 1167 1168 1169 1170 1171 1172 1173 1174 1175 1176 1177
		1178 1179 1180 1181 1182 1183 1184 1185 1186 1187 1188 1189 1190 1191 1192 1193 1194
		1195 1196 1197 1198 1199 1200 1201 1202 1203 1204 1205 1206 1207 1208 1209 1210 1211
		1212 1213 1214 1215 1216 1217 1218 1219 1220 1221 1222 1223 1224 1225 1226 1227 1228
		1229 1230 1231 1232 1233 1234 1249 1796 1797 1798 1799 1800 1801
		
		2003 2004 2011 2015 2016 2021 2022 2023 2024 2025 2026 2027 2028 2029 2030 2031 2032 
		2033 2034 2035 2036 2037 2038 2039 2040 2041 2042 2043 2044 2045 2046 2047 2048 2049 
		2050 2051 2052 2053 2054 2055 2056 2057 2058 2059 2060 2061 2062 2063 2064 2065 2066 
		2123 2126 2127 2128 2129 2147 2150 2153 2157 2158 2159 2160 2161 2162 2163 2164 2165
		2166 2167 2168 2169 2170 2171 2172 2173 2305 2306 2307 2308 2309 2310 2311 2312 2313 
		2314 2315 2316 2317 2318 2319 2320 2321 2322 2323 2324 2325 2326 2327 2328 2329 2330 
		2331 2332 2333 2334 2335 2336 2337 2338 2339 2340 2341 2342 2343 2344 2345 2346 2347 
		2348 2349 2350 2351 2352 2353 2354 2355 2356 2357 2358 2359 2517 2518 2519 2520 2520
		2521 2522 2523 2524 2525 2526 2527 2565 2566 2567 2568 2569 2570 2571 2572 2573 2574 
		2575 2576 2577 2578 2579 2580 2581 2582 2583 2584 2585 2586 2587 2588 2589 2590 2591 
		2592 2593 2594 2595 2596 2597 2664 2665 2666 2667 2668 2669 2670 2671 2672 2673 2674 
		2675 2676 2677 2678 2679 2680 2681 2682 2683 2684 2685 2686 2687 2688 2689 2690 2691 
		2692 2693 2694 2695 2696 2697 2698 2699 2700 2701 2702 2703 2704 2705 2706 2707 2708 
		2709 2845 2846 2847 2848 2849 2850 2851 2852 2853 2854 2855 2856
		
		4166 4167 4168 4169 4170 4171 4172 4173 4174 4175 4176 4177 4178 4179 4180 4181 4182 
		4183 4184 4185 4186 4187 4188 4189 4190 4191 4192 4193 4194 4195 4196 4197 4198 4199 
		4200 4201 4202 4203 4204 4205 4206 4207 4208 4209 4210 4211 4212 4213 4214 4215 4216 
		4217 4218 4219 4220 4221 4222 4223 4224 4225 4226 4227 4228 4229 4230 4231 4232 4233 
		4234 4235 4236 4252 4253 4254 4255 4256 4257 4258 4259 4260 4261 4269 4270 4271 4665
		4714 4715 4716
	}
}

natives_asian = {
graphical_culture = indiangfx
color = { 255  255  80 }
icon = 3

unit = east_asian_spearmen

	provinces = {
		# Middle east + central asia
		377 378 379 380 381 382 383 384 385 386 387 388 2540 390 391 392 393 2275 395 396 397
		398 399 400 401 402 403 404 2547 2273 407 408 409 410 411 412 413 414 415 416 417 2269
		419 420 421 422 423 424 425 426 2295 428 429 2290 431 432 433 2300 435 2297 437 438 439
		440 441 442 443 444 445 446 447 448 449 450 451 2177 453 454 455 456 457 458 2444 460
		461 462 2260 464 465 466 467 468 469 470 471 472 473 474 475 476 477 478 479
		# India
		503 504 2186 506 507 2122 509 510 511 512 513 514 2200 2203 517 2198 519 520 521 522 523
		524 525 526 527 528 529 530 2212 532 533 534 535 536 537 538 539 540 541 2224 2223 544
		545 546 547 548 549 2206 550 552 2232 554 555 556 557 558 559 560 561 562 563 564 565
		566 567 568 569 570 571 572 573 574 575 576 577 578 1946 1948 1949 2219
		# South East Asia
		581 584 2371 585 4517 4518 4519 580 2255 2256 4516 582 2257 2258 4523 4524
		583 588 2259 4520 4525 587 2372 4521 598 599 2397 597 659 2008 595 596 2398
		612 2382 2380 2378 2377 606 607 1022 2387 2386 604 609 1823 2390 2392 586 590 1815 2373 4522
		568 579 2370 605 2388 2389 2391 593 594 2394 2395 2396
		591 592 2374 2393 610 1016 2385 613 616 2384 608 611 614 2381
		615 1844 2383 2379 600 603 2376 2375 589 601 602 1817
		#Indonesia
		2863 2864 4481 651 652 653 4480 654 2862 4477 4478 4479	655 4476 4482
		657 658 2859 4474 656 2860 2861 4475 617 2399 2401 618 2400 2402 620 3089
		2403 2406 2407 619 2404 2405 621 622 623 2409 2408 3090 3091 627 2413 2414 2415
		2412 628 629 626 624 630 2410 2411 625 638 2424 2422 2423 2421 636 637 2425
		2009 2417 2418 4485	639 640 2419 2420 2426 645 651 2867 2865 2868
		648 649 650 646 647	631 632 633 634 2416
		2095 635 643 644 2428 2429
		641 642 2427 2866
		
		# China and Places like that
		724 2555 3244 1049 1053 2909 3273 3274 727 2558 2559 4330 3271 729 2562 2560 3206 728
		731 1850 2554 3268 4332	730 2552 2553 725 2556 2557 2564 3270 3269 4944 2563
		1050 2561 4344 3272 4345 3202 1033 3203	3205 3204 1048 704 726 3187 3188 2020 2509 2510
		709 2886 3192 3223 3190	3252 701 3191 722 3200 3199 3201 2551 723 2550 702 2549 3253 3189
		3242 3246 3245 3336 3243 721 717 3282 2893 3251 3278 3248 718 2889 3300 3299 1065 2898 3281 3280 3249 3279
		720 2890 3241 3337 3338 3193 719 2891 2892 3279 716	739 1785 1784 4898 3292 3302 3301 3293 3294
		3303 2883 4897 3291 2882 712 2881 3295 3324 4899 3321 711 3305 3335 4902 2885 3297 713 3290 4901
		710 2460 1786 3296 4900	2884 4896 3304 4644	715 714 3298 2446 2887 2888 461 2435 459 2445
		2459 3261 3236 3306 705 3329 3330 3214 706 2457 677 2456 2458 678 3332 3333 3334 3262 3213 676 4635 4636 1787 2452 4633 4632
		3326 3331 2453 4631 4634 1788 2454 2455 3327 3328 4873 4874 3266 695
		696 3182 692 4325 703 1816 4324 4875 3186 3181 3339 3169 2502 4855 2500 691 3254 4853
		2501 3168 3255 4852 3167 690 2019 3184 3185 2499 4857 4858 4854 4859 4856 3166 2498 4844 3165 4841
		685 2495 4326 3207 3239 1821 1822 2497 3257 4840 2494 4847 4848 4850 2496 3220 1838  4845 4849 4846 686 2482 2483 3219 4851
		3263 684 2481 4839 4838	1824 2479 3233 2480 4837 4810 683 2484 4814 3258 
		1833 670 4813 4811 4812 1829 3238 3234 2477 3237 4808 4807 669 2478 4809 2858 3218 2857 4164 738 3217 3149 3264 4165
		4804 2475 2476 3235	665 2471 4805 4806 4802 666 2472 4801 667 668 2014 4803 2474 664 4638 1840 4816 2473
		663 4331 4842 4819 4818 4817 4815 2469 2470 674 2487 4329 3222 4843 662 2468 3212 660 661 2465 2466 2467 3164 680 2491 4835 4836
		679 3176 3177 4832 4831 673 675 2488 4829 4830 2464 2489 3174 3210 3211 682 4327 3162 3221 4827 681 3163 3265 4637 4828	2490 3240
		3209 4834 671 672 3259 4820 4821 3260 2486 4822 4823 4824 3227 4825 4826 3228 2485 4863 1836 4862 4865 3229 4869 4870 3256 688 3180
		3175 4867 4866 2492 2503 4860 4861 687 4864 2493 4871 4872 3215 3267 4868 694 2504 3230 3179 4895
		4883 697 4877 4876 4882 4881 4880 4879 3170 693 3171 4878 2505 4328 4886 3172 689 3208 4887 3225 700 4885 4884 2506 4889 4890 3194
		3178 2508 4833 4892 2507 3232 699 4888 4893 2463 698 4891 3195 3224 707 708 3197 3198 4894 2461 2462 3196 3226 3231
		3150 3151 3152 3154 3155 3156 3157 3158 3159 3160 3161	1897 1655
		# Japan and the far east
		
	
		733 1845 2513  3314
		732 2514 2515 3315 3316
		735 1013 3307 3308 3313
		734 736 2511 2512 3312
		737 2516 3309 3310 3311
		1031 1032 1847 1852 4323
		1023 1024 1837 3183
		1028 1843 4319
		1027 4320 4321
		1012 1015 4310 4311 3173
		1014 1818 4312
		1819 1820 4316
		1029 1839 4318 4484
		1030 1835 4483
		1020 1021 1832 4317
		1025 1026 4277 4322
		1018 1830 4313 4315
		1017 1019 1825 4314
		# An Island 
		1248
		# Australia
		1084 1085 1086 1087 1088 1089 1090 1091 1092 1093 1094
		# New Zealand
		1106 1107 1108 1109
		# Islands and places like that
		1235 1236 1237 1238 1239 1240 1241 1242 1243 1244 1245 1246
		1986 1987 1988 1989 1990 1991 1992 1993 1994 1995 1996 1997
		1998 1999
		2008 2009 2095 2014 2019 2020 2096 2097 2098 2099 
		2100 2101 2102 2103 2104 2105 2106 2107 2108 2109 2110 2111 2112 2113 2114 2115 2116 
		2117 3089 3090 3091 4272 4474 4475 4476 4477 4478 4479 4480 4481 4482 4485
	}
}

natives_siberian = {
	graphical_culture = inuitgfx
	color = { 127  255  255 }
	icon = 4
	
	unit = mongolian_bow
	
	provinces = {
	18 32 369 313 315 370 371 480 1033 1034 1035 1036 1037 1038 1039 1040 1041 1042 1043 1044
	1045 1046 1047 1048 1049 1050 1051 1052 1053 1054 1055 1056 1057 1058 1059 1060 1061
	1062 1063 1064 1065 2898 1067 1068 1069 1070 1071 1072 1073 1074 1075 1076 1077 1078
	1079 1080 1081 1082 1083 1776 1777 1780 1962 1964 1963 1955 1958 309 1781 1782 1783
	2843 2900 2901 2841 2842 2894 2895 2897 2902 2896 2903 2899 2906 2907 2908 2910 2911 2904 2905 2912
	1781 1782 1783 2005 2118 2119 4246 4262 4264 4276 3319 3320 3317 3318 12 14 1981 1983
	15 1984 4288 4289 6 26 1982 4295 2 3 25 4296 7 16 4293 4294 5 8 1985 1 4 1930 9 11 
	27 28 29 31 4263 19 4283 4282 30 33 34 1961 32 309 10 20 21 17 22 4290 4291 23 24 3088 4292
	1978 1979
	
	}
}


