james_bay={
	location=1486
	outgoing={
		name="california"
		path={
			1003 1007 1008 2092 3051 3050 872 871 
		}
		control={
			1389.000000 1893.000000 1354.000000 1856.000000 1364.000000 1787.000000 1305.000000 1741.000000 1048.000000 1731.000000 1041.000000 1653.000000 987.000000 1681.000000 882.000000 1649.000000 870.000000 1595.000000 
		}
	}
	outgoing={
		name="st_lawrence"
		path={
			1000 1002 992 993 990 994 1490 
		}
		control={
			1555.000000 1776.000000 1597.660034 1711.949951 1615.000000 1653.000000 1668.000000 1664.000000 1696.000000 1685.000000 1721.000000 1708.000000 1766.000000 1727.000000 1793.000000 1730.000000 
		}
	}
	members={
		1486 997 998 999 1000 1002 1003 1004 1005 1006 1008 1009 1010 1011 1104 1105 1804 1805 1806 1807 1811 1812 1813 2086 2087 2089 2090 2092 2093 2094 2141 2142 3019 3020 3027 3028 3029 3030 3031 3032 3033 3034 3035 3036 3037 3038 3039 3040 3041 3062 3092 4662 3322 3323 
	}
}
california={
	location=871
	outgoing={
		name="mexico"
		path={
			1556 1555 1554 1552 1551 
		}
		control={
			881.000000 1487.000000 937.000000 1375.000000 1027.000000 1241.000000 1152.000000 1160.000000 
		}
	}
	outgoing={
		name="mississippi_river"
		path={
			872 873 2019 2020 2006 2008 903 902 900 895 2014 893 1507 
		}
		control={
			884.000000 1564.000000 896.000000 1634.000000 967.000000 1660.000000 1034.000000 1632.000000 1116.000000 1656.000000 1204.000000 1615.000000 1288.000000 1591.000000 1368.163940 1532.114014 1396.000000 1494.000000 1374.000000 1432.000000 1358.000000 1397.000000 1369.000000 1363.000000 
		}
	}
	outgoing={
		name="girin"
		path={
			1557 1684 1686 1685 1683 1668 1669 1440 1387 1980 1850 2106 2108 730 
		}
		control={
			782.000000 1598.000000 653.000000 1620.000000 430.000000 1644.000000 159.000000 1671.000000 5530.000000 1599.000000 5241.000000 1467.000000 5023.000000 1432.000000 4885.000000 1366.000000 4862.000000 1376.000000 4862.000000 1393.000000 4836.000000 1406.000000 4797.000000 1400.000000 
		}
	}
	members={
		862 865 866 867 868 869 870 871 872 873 874 972 973 974 975 976 977 978 979 1808 1810 1814 2078 2079 2080 2081 2082 2083 2088 2091 2131 2143 2145 2919 2920 2921 2922 2923 2924 2925 2926 2927 2928 2929 3042 3043 3044 3045 3046 3047 3048 3049 3050 3051 3052 3053 3054 3055 4725 4783 4784 4785 4786 4787 4797 4798 
	}
}
rio_grande={
	location=2917
	outgoing={
		name="mississippi_river"
		path={
			1508 1507 
		}
		control={
			1252.000000 1328.000000 1264.000000 1305.000000 1301.000000 1295.000000 1343.000000 1322.000000 
		}
	}
	outgoing={
		name="mexico"
		path={
			1508 1509 2647 2646 
		}
		control={
			1224.000000 1289.000000 1232.000000 1228.000000 1259.000000 1197.000000 1253.000000 1152.000000 
		}
	}
	members={
		858 861 863 864 875 876 877 878 879 880 881 882 883 884 885 886 887 888 889 890 891 892 896 2084 2914 2915 2916 2917 2918 2930 2931 2932 2933 2934 2935 2936 2937 2938 2939 2940 2941 2942 2945 4754 4775 4776 4777 4778 4779 4780 4781 4782 4792 4794 
	}
}
mississippi_river={
	location=1507
	outgoing={
		name="carribean_trade"
		path={
			1506 1505 1525 1516 
		}
		control={
			1494.000000 1317.000000 1521.000000 1257.000000 1578.000000 1238.000000 1605.000000 1226.000000 1646.000000 1208.000000 1651.000000 1188.000000 
		}
	}
	outgoing={
		name="ohio"
		path={
			921 2528 939 
		}
		control={
			1389.000000 1369.000000 1392.000000 1416.000000 1437.000000 1493.000000 
		}
	}
	members={
		1507 893 894 895 897 898 899 900 901 902 903 904 905 906 907 908 909 916 917 918 919 920 921 922 939 1809 2085 2132 2133 2134 2139 2144 2943 2944 2946 2947 2948 2951 2953 2954 2955 2956 2957 2958 2959 2962 3056 3057 3058 3059 3060 3061 
	}
}
ohio={
	location=940
	color={
		129 214 238 
	}
	outgoing={
		name="chesapeake_bay"
		path={
			948 2011 
		}
		control={
			1518.000000 1521.000000 1559.000000 1514.000000 1595.000000 1518.000000 1618.000000 1508.000000 1619.000000 1489.000000 1644.000000 1501.000000 
		}
	}
	outgoing={
		name="st_lawrence"
		path={
			946 991 
		}
		control={
			1486.000000 1543.000000 1528.000000 1580.000000 1565.000000 1595.000000 1574.000000 1608.000000 1597.000000 1612.000000 1652.000000 1646.000000 1701.000000 1677.000000 1730.000000 1708.000000 1779.000000 1726.000000 
		}
	}
	members={
		910 911 912 913 914 915 934 935 940 941 942 943 944 945 946 947 948 951 954 958 987 988 1001 1007 2140 2949 2950 2952 2960 2961 2978 2982 2983 2984 2985 2986 2987 2988 2989 3021 3022 3023 3025 
	}
}
mexico={
	location=1551
	outgoing={
		name="carribean_trade"
		path={
			847 848 1510 1511 1512 1518 1516 
		}
		control={
			1259.000000 1155.000000 1269.000000 1164.000000 1284.000000 1165.000000 1302.000000 1163.000000 1311.000000 1171.000000 1378.000000 1226.000000 1435.000000 1236.000000 1506.000000 1208.000000 1563.000000 1197.000000 1601.000000 1179.000000 1627.000000 1169.000000 
		}
	}
	outgoing={
		name="panama"
		path={
			1550 1549 1548 835 
		}
		control={
			1287.000000 1087.000000 1382.000000 1072.000000 1451.000000 1020.000000 1501.000000 986.000000 1537.000000 972.000000 1562.000000 994.000000 
		}
	}
	outgoing={
		name="nippon"
		path={
			1552 1554 1694 1693 1692 1601 1670 1669 1440 1391 1390 1376 
		}
		control={
			1160.489990 1140.650024 914.000000 1238.000000 627.000000 1240.000000 380.000000 1277.000000 57.000000 1320.000000 5170.000000 1330.000000 5020.000000 1356.000000 4973.000000 1322.000000 4900.000000 1252.000000 
		}
	}
	members={
		1551 841 842 844 845 847 848 849 850 851 852 853 854 855 856 857 859 860 2637 2638 2639 2640 2641 2642 2643 2644 2645 2646 2647 2648 2649 2650 2651 2652 2653 2654 2655 2656 2657 2658 2659 2660 2661 2662 2663 2913 4718 4719 4720 4721 4722 4723 4724 4726 4727 4728 4729 4730 4731 4732 4733 4734 4735 4736 4738 4742 4746 4788 4789 4790 4791 4793 4795 4796 
	}
}
lhasa={
	location=2454
	color={
		114 129 76 
	}
	inland=yes
	outgoing={
		name="chengdu"
		path={
			695 696 697 701 709 707 
		}
		control={
			4263.000000 1132.000000 4302.000000 1144.000000 4321.000000 1173.000000 4323.000000 1201.000000 4370.000000 1209.000000 4403.000000 1186.000000 4418.000000 1186.000000 4426.000000 1173.000000 
		}
	}
	outgoing={
		name="lahore"
		path={
			2453 4633 2179 
		}
		control={
			4163.000000 1148.000000 4065.000000 1187.000000 4029.000000 1206.000000 4002.000000 1222.000000 3988.000000 1228.000000 3977.000000 1228.000000 3965.000000 1228.000000 3956.000000 1226.000000 3951.000000 1220.000000 3950.000000 1214.000000 3952.000000 1204.000000 
		}
	}
	outgoing={
		name="ganges_delta"
		path={
			562 564 
		}
		control={
			4210.000000 1124.000000 4195.000000 1104.000000 4188.000000 1086.000000 4206.000000 1067.000000 4205.000000 1054.000000 4194.000000 1038.000000 4194.000000 1016.000000 
		}
	}
	members={
		554 557 565 676 705 706 1787 1788 2239 2243 2452 2453 2454 2455 3213 3214 3262 3326 3327 3328 3329 3330 3331 3332 3333 3334 2459 3306 3261 3236 4600 4601 4603 4631 4632 4633 4634 4635 4636 4599 4609 4639 
	}
}
doab={
	location=524
	inland=yes
	outgoing={
		name="ganges_delta"
		path={
			578 451 450 453 454 
		}
		control={
			4061.000000 1071.000000 4097.000000 1056.000000 4122.000000 1066.000000 4177.000000 1059.000000 4184.000000 1031.000000 
		}
	}
	outgoing={
		name="deccan"
		path={
			525 740 
		}
		control={
			4023.000000 1088.000000 3993.000000 1067.000000 3998.000000 1018.000000 3987.000000 969.000000 4013.000000 955.000000 
		}
	}
	outgoing={
		name="lahore"
		path={
			522 2190 
		}
		control={
			4021.000000 1115.000000 4009.000000 1144.000000 3981.000000 1151.000000 
		}
	}
	members={
		509 510 511 519 520 522 523 524 525 528 551 556 555 558 559 2190 2191 2192 2193 2194 2204 2234 2235 2236 2237 2238 2240 2241 2242 4578 4583 4584 4585 4586 4587 4588 4591 4602 4605 4606 4607 4608 4610 4611 4612 4613 4614 4615 4616 4617 
	}
}
deccan={
	location=1948
	color={
		241 13 61 
	}
	inland=yes
	outgoing={
		name="ganges_delta"
		path={
			2224 542 2227 2233 4571 2232 4589 560 4590 4595 1343 
		}
		control={
			4045.000000 941.000000 4076.000000 974.000000 4115.000000 1008.000000 4137.000000 1025.000000 4171.000000 1031.000000 
		}
	}
	outgoing={
		name="gujarat"
		path={
			4433 517 1337 
		}
		control={
			3986.000000 938.000000 3968.000000 955.000000 3948.000000 969.000000 3951.000000 1008.000000 3937.000000 1015.000000 
		}
	}
	outgoing={
		name="comorin_cape"
		path={
			541 4422 4414 2026 
		}
		control={
			4011.000000 907.000000 4010.000000 878.000000 4019.000000 844.000000 4034.000000 824.000000 4029.000000 798.000000 4020.000000 783.000000 
		}
	}
	members={
		526 527 532 542 544 545 546 548 550 569 740 1946 1948 2202 2205 2206 2207 2209 2211 2224 2225 2226 2227 4547 4550 4551 4552 4553 4554 4555 4556 4557 4558 4561 4562 4563 4572 4577 4579 4580 
	}
}
girin={
	location=730
	color={
		41 82 45 
	}
	outgoing={
		name="nippon"
		path={
			1389 1373 684 
		}
		control={
			4767.000000 1344.000000 4769.000000 1328.000000 4773.000000 1305.000000 4790.000000 1280.000000 4810.000000 1250.000000 4821.000000 1243.000000 
		}
	}
	outgoing={
		name="beijing"
		path={
			1389 1373 684 
		}
		control={
			4753.000000 1376.000000 4724.000000 1350.000000 4693.000000 1343.000000 4664.000000 1324.000000 
		}
	}
	outgoing={
		name="siberia"
		path={
			2109 722 721 1057 1060 1062 1064 
		}
		control={
			4726.000000 1497.000000 4604.000000 1533.000000 4431.000000 1539.000000 4365.000000 1590.000000 
		}
	}
	members={
		724 725 727 728 729 730 731 732 1033 1034 1035 1036 1037 1038 1039 1040 1041 1042 1043 1044 1046 1047 1048 1049 1050 1051 1052 1053 1783 1850 2552 2553 2554 2555 2556 2557 2558 2559 2560 2561 2562 2563 2564 2909 2910 2911 2912 3206 3202 3203 3205 3204 3244 3270 3271 3272 3273 3274 3275 3284 3285 3286 3287 3288 3289 3315 3316 3268 3269 4344 4345 4330 4332 2515 2514 4944 
	}
}
siberia={
	location=480
	inland=yes
	outgoing={
		name="kazan"
		path={
			1062 1064 480 479 472 475 1082 
		}
		control={
			3959.000000 1645.000000 3791.000000 1672.000000 3747.000000 1677.000000 3729.000000 1680.000000 3712.000000 1671.000000 3699.000000 1660.000000 3678.000000 1645.000000 3661.000000 1643.000000 3622.000000 1645.000000 3601.000000 1642.000000 
		}
	}
	outgoing={
		name="samarkand"
		path={
			480 478 477 1969 457 454 
		}
		control={
			4149.000000 1555.000000 4058.000000 1443.000000 3967.000000 1364.000000 3915.000000 1361.000000 3879.000000 1335.000000 
		}
	}
	members={
		479 480 1045 1054 1059 1061 1062 1063 1064 1067 1068 1069 1070 1071 1073 1074 1075 1076 1078 1080 1781 1782 1966 2119 2448 2449 2451 2843 2894 2895 2896 2897 2899 2900 2901 2902 2903 2904 2906 2907 2908 
	}
}
philippines={
	location=1398
	outgoing={
		name="canton"
		path={
			656 2014 667 
		}
		control={
			4685.000000 846.000000 4664.000000 896.000000 4640.000000 935.000000 4598.000000 991.000000 
		}
	}
	outgoing={
		name="the_moluccas"
		path={
			1399 1357 
		}
		control={
			4707.000000 768.000000 4707.000000 748.000000 4765.000000 698.000000 4769.000000 665.000000 4734.000000 619.000000 4747.330078 570.200012 
		}
	}
	outgoing={
		name="panama"
		path={
			1403 1434 1676 1734 1735 1736 1740 1741 1711 1708 1702 1547 1548 835 
		}
		control={
			4733.000000 789.000000 4791.000000 807.000000 4971.000000 769.000000 5185.000000 750.000000 5328.000000 758.000000 5554.000000 733.000000 5861.129883 818.669983 537.000000 822.000000 781.000000 795.000000 1011.000000 741.000000 1231.000000 754.000000 1437.000000 818.000000 1508.000000 921.000000 1563.000000 968.000000 
		}
	}
	members={
		1398 651 652 653 654 655 656 657 658 1996 2859 2860 2861 2862 2863 2864 4474 4475 4476 4477 4478 4479 4480 4481 4482 
	}
}
gulf_of_siam={
	location=1365
	color={
		84 152 93 
	}
	outgoing={
		name="canton"
		path={
			600 614 1844 616 613 2470 2471 665 667 
		}
		control={
			4374.000000 883.000000 4391.000000 942.000000 4420.000000 957.000000 4439.000000 979.000000 4463.000000 986.000000 4499.000000 1007.000000 4531.000000 999.000000 4566.000000 1011.000000 
		}
	}
	outgoing={
		name="malacca"
		path={
			1364 1362 1361 
		}
		control={
			4403.000000 767.000000 4431.000000 709.000000 4446.000000 665.000000 
		}
	}
	members={
		589 591 592 600 601 602 603 604 605 606 607 608 609 611 612 614 615 1022 1817 1823 1844 2374 2375 2376 2377 2378 2379 2380 2381 2382 2383 2386 2387 2388 2389 2390 2391 2392 2393 1365 
	}
}
lahore={
	location=507
	color={
		63 150 30 
	}
	inland=yes
	outgoing={
		name="yumen"
		path={
			508 710 711 707 
		}
		control={
			3946.000000 1204.000000 3937.000000 1229.000000 3945.000000 1239.000000 3955.000000 1244.000000 3966.000000 1243.000000 3977.000000 1246.000000 3986.000000 1250.000000 4003.000000 1265.000000 4017.000000 1269.000000 4041.000000 1261.000000 4092.000000 1257.000000 4160.000000 1288.000000 4218.000000 1308.000000 4234.000000 1319.000000 4265.000000 1320.000000 
		}
	}
	outgoing={
		name="samarkand"
		path={
			578 451 450 453 454 
		}
		control={
			3947.000000 1193.000000 3932.000000 1214.000000 3908.000000 1222.000000 3897.000000 1229.000000 3891.000000 1240.000000 3866.000000 1247.000000 3837.000000 1257.000000 3831.000000 1274.000000 3854.000000 1307.000000 
		}
	}
	outgoing={
		name="persia"
		path={
			578 451 450 446 
		}
		control={
			3920.000000 1205.000000 3896.000000 1211.000000 3890.000000 1222.000000 3885.000000 1226.000000 3879.000000 1237.000000 3841.000000 1244.000000 3776.000000 1217.000000 3757.000000 1247.000000 3732.000000 1270.000000 3695.000000 1293.000000 3668.000000 1269.000000 3644.000000 1260.000000 
		}
	}
	outgoing={
		name="gujarat"
		path={
			506 504 
		}
		control={
			3921.000000 1138.000000 3895.000000 1114.000000 3881.000000 1102.000000 3870.000000 1095.000000 3865.000000 1087.000000 3866.000000 1078.000000 3869.000000 1075.000000 3871.000000 1071.000000 3874.000000 1068.000000 3885.000000 1063.000000 3905.000000 1046.000000 
		}
	}
	members={
		447 448 449 450 451 506 507 508 510 576 577 578 2122 2174 2175 2176 2177 2178 2179 2180 2181 2182 2183 2184 2185 2189 2190 4462 4530 4568 4582 4625 4626 4627 4628 4630 3325 
	}
}
katsina={
	location=1149
	inland=yes
	outgoing={
		name="tunis"
		path={
			352 341 
		}
		control={
			2933.000000 861.000000 2973.000000 858.000000 3000.000000 878.000000 3035.000000 889.000000 3061.000000 924.000000 3063.000000 976.000000 3049.000000 1001.000000 3050.000000 1076.000000 3028.000000 1123.000000 3016.000000 1170.000000 2972.000000 1201.000000 2957.000000 1217.000000 2970.000000 1231.000000 2965.000000 1254.000000 
		}
	}
	outgoing={
		name="timbuktu"
		path={
			352 341 
		}
		control={
			2888.000000 858.000000 2846.000000 858.000000 2820.000000 892.000000 2801.000000 922.000000 
		}
	}
	outgoing={
		name="ethiopia"
		path={
			1127 346 344 345 
		}
		control={
			2974.000000 837.000000 3039.000000 847.000000 3094.000000 854.000000 3176.000000 841.000000 3235.000000 842.000000 3318.000000 839.000000 
		}
	}
	members={
		1144 1145 1146 1148 1149 1150 1152 1153 1154 1155 1156 1157 1158 1159 1160 1161 1162 1249 2041 2046 2048 2049 2053 2056 2065 2066 2157 2340 2341 2342 2343 2344 2345 2346 2350 2351 2353 2354 2355 2356 2357 2358 2594 3142 4232 4236 4658 
	}
}
timbuktu={
	location=1132
	inland=yes
	outgoing={
		name="safi"
		path={
			1127 346 344 345 
		}
		control={
			2764.000000 967.000000 2782.000000 1017.000000 2792.000000 1064.000000 2779.000000 1119.000000 2741.000000 1163.000000 2661.000000 1131.000000 
		}
	}
	outgoing={
		name="ivory_coast"
		path={
			1141 1140 1143 1142 1794 
		}
		control={
			2797.000000 907.000000 2809.000000 849.000000 2810.000000 801.000000 2810.000000 768.000000 2803.000000 745.000000 2777.060059 732.229980 
		}
	}
	members={
		1115 1116 1117 1120 1121 1123 1124 1129 1130 1131 1132 1133 1134 1135 1136 1137 1140 1142 1143 2305 2306 2307 2308 2309 2310 2312 2314 2315 2316 2317 2318 2319 2320 2321 2322 2323 2324 2325 2326 2327 2328 2329 2330 2334 2335 2336 2337 2338 2347 2348 2349 2352 
	}
}
great_lakes={
	location=2036
	inland=yes
	outgoing={
		name="congo"
		path={
			2035 
		}
		control={
			3291.000000 641.000000 3276.000000 616.000000 3255.000000 602.000000 3218.000000 576.000000 3161.000000 589.000000 
		}
	}
	outgoing={
		name="ethiopia"
		path={
			2036 
		}
		control={
			3309.000000 678.000000 3304.000000 740.000000 3331.000000 760.000000 3339.000000 781.000000 3341.000000 823.000000 3354.000000 825.000000 3362.000000 831.000000 3376.000000 833.000000 
		}
	}
	outgoing={
		name="zanzibar"
		path={
			2150 
		}
		control={
			3337.000000 661.000000 3355.000000 647.000000 3343.000000 612.000000 3337.000000 594.000000 3345.000000 592.000000 3362.000000 597.000000 3388.000000 594.000000 3394.000000 578.000000 3408.000000 551.000000 
		}
	}
	members={
		1197 1198 1798 2030 2033 2034 2035 2036 2150 2153 2160 2165 2166 2167 2709 4182 4183 4198 4199 4202 4203 4204 4205 4205 4206 4207 4208 4209 4210 4211 4212 4213 4214 4215 4235 
	}
}
congo={
	location=4174
	inland=yes
	outgoing={
		name="ivory_coast"
		path={
			1464 1465 1466 
		}
		control={
			3112.000000 592.000000 3067.000000 591.000000 2995.000000 554.000000 2941.000000 617.000000 2882.000000 695.000000 
		}
	}
	outgoing={
		name="zambezi"
		path={
			2032 
		}
		control={
			3175.000000 560.000000 3185.000000 499.000000 3195.000000 450.000000 3241.000000 422.000000 3280.000000 410.000000 
		}
	}
	members={
		1169 1170 1171 1796 1797 2027 2037 2038 2039 2042 2043 2057 2058 2059 2129 2158 2159 2161 2164 2171 2172 2173 2846 3143 3144 4233 4166 4167 4168 4169 4170 4171 4172 4173 4174 4175 4176 4177 4178 4179 4180 4181 4185 4218 4220 4230 4231 4234 
	}
}
zambezi={
	location=1190
	inland=yes
	outgoing={
		name="zanzibar"
		path={
			1192 
		}
		control={
			3323.000000 397.000000 3387.000000 346.000000 3445.000000 395.000000 3449.000000 482.000000 3435.000000 526.000000 
		}
	}
	members={
		1184 1185 1187 1188 1189 1190 1191 1799 1800 2026 2028 2029 2031 2032 2127 2162 2163 2850 2851 2852 2853 4184 4186 4187 4188 4189 4190 4191 4192 4193 4194 4196 4197 4198 4200 4201 4221 4222 
	}
}
tunis={
	location=341
	color={
		146 134 57 
	}
	outgoing={
		name="constantinople"
		path={
			314 151 
		}
		control={
			3009.000000 1265.000000 3053.000000 1245.000000 3155.000000 1246.000000 3177.000000 1262.000000 3191.000000 1271.000000 3204.000000 1276.000000 3198.000000 1293.000000 3195.000000 1312.000000 3209.000000 1323.000000 3216.000000 1324.000000 3223.000000 1331.000000 3230.000000 1335.000000 3240.000000 1339.000000 
		}
	}
	outgoing={
		name="sevilla"
		path={
			340 339 1301 1294 1293 
		}
		control={
			2951.000000 1279.000000 2895.000000 1277.000000 2830.000000 1269.000000 2761.000000 1242.000000 
		}
	}
	outgoing={
		name="valencia"
		path={
			1302 1301 1295 
		}
		control={
			2962.000000 1278.000000 2936.000000 1289.000000 2852.000000 1297.000000 2830.000000 1317.000000 
		}
	}
	outgoing={
		name="genua"
		path={
			1302 1300 1297 
		}
		control={
			2961.000000 1287.000000 2927.000000 1306.000000 
		}
	}
	members={
		339 340 341 350 351 352 1882 353 354 355 1794 2055 2578 2579 2580 2581 2582 2583 2584 2585 2586 2587 2588 2589 2591 2592 3140 4655 4709 4710 4651 4652 4653 
	}
}
bolivia={
	location=797
	outgoing={
		name="peru"
		path={
			1535 1534 1533 1532 1531 
		}
		control={
			1774.000000 572.000000 1760.000000 590.000000 1743.000000 586.000000 1719.000000 608.000000 1691.000000 627.000000 1666.000000 646.000000 1651.000000 651.000000 1643.000000 666.000000 1633.000000 673.000000 1624.000000 682.000000 1607.000000 688.000000 1595.000000 701.000000 
		}
	}
	outgoing={
		name="laplata"
		path={
			778 789 788 792 1542 1543 1544 
		}
		control={
			1805.000000 553.000000 1825.000000 511.000000 1823.000000 472.000000 1807.000000 450.000000 1828.000000 395.000000 1859.000000 380.000000 1862.000000 328.000000 1875.000000 313.000000 1886.000000 288.000000 
		}
	}
	members={
		791 792 793 794 795 796 797 798 799 800 801 802 803 2732 2733 2734 2735 2736 2737 2738 2739 2740 2741 2742 2743 2765 2766 2785 
	}
}
patagonia={
	location=1538
	outgoing={
		name="peru"
		path={
			1535 1534 1533 1532 1531 
		}
		control={
			1771.000000 69.000000 1790.000000 29.000000 1750.000000 20.000000 1689.000000 49.000000 1650.000000 149.000000 1660.000000 379.000000 1631.000000 505.000000 1565.000000 598.000000 
		}
	}
	outgoing={
		name="laplata"
		path={
			778 789 788 792 1542 1543 1544 
		}
		control={
			1788.000000 111.000000 1788.000000 140.000000 1803.000000 162.000000 1802.000000 171.000000 1801.000000 180.000000 1798.000000 191.000000 1817.000000 185.000000 1850.000000 193.000000 1896.000000 227.000000 1914.000000 258.000000 
		}
	}
	members={
		780 781 782 783 784 785 787 1095 1538 2077 2745 2746 2747 2748 2749 2750 2751 2752 2753 2754 2755 3063 
	}
}
laplata={
	location=1536
	outgoing={
		name="brazil"
		path={
			1535 1534 1533 1532 1531 
		}
		control={
			1962.000000 292.000000 2036.000000 374.000000 2071.000000 455.000000 2127.000000 490.000000 2165.000000 498.000000 2205.000000 583.000000 2216.000000 649.000000 2257.000000 712.000000 
		}
	}
	members={
		770 771 772 773 776 777 778 779 786 788 789 790 1536 2744 2756 2757 2758 2759 2760 2761 2762 2763 2764 2767 2768 2769 2770 2771 2772 2773 2774 2775 2776 2777 2778 2779 2780 
	}
}
peru={
	location=1545
	outgoing={
		name="panama"
		path={
			1545 1546 1547 1548 835 
		}
		control={
			1556.000000 735.000000 1530.000000 787.000000 1540.000000 891.000000 1580.000000 964.000000 
		}
	}
	members={
		804 805 806 807 808 809 810 811 812 813 814 815 816 817 818 819 820 821 822 823 2002 2067 2713 2714 2718 2719 2720 2721 2722 2723 2724 2725 2726 2727 2728 2729 2730 2731 4752 4753 1544 1545 
	}
}
amazonas={
	location=2074
	outgoing={
		name="brazil"
		path={
			1584 1469 1470 
		}
		control={
			1895.000000 818.000000 1913.000000 829.000000 1936.000000 838.000000 1952.000000 833.000000 1974.000000 840.000000 1985.000000 845.000000 1994.000000 846.000000 1999.000000 847.000000 2005.000000 852.000000 2009.000000 855.000000 2012.000000 856.000000 2015.000000 865.000000 2020.000000 868.000000 2027.000000 868.000000 2031.000000 865.000000 2046.000000 868.000000 2083.000000 862.000000 2190.000000 831.000000 2260.000000 800.000000 
		}
	}
	outgoing={
		name="panama"
		path={
			825 828 835 
		}
		control={
			1895.000000 818.000000 1913.000000 829.000000 1936.000000 838.000000 1952.000000 833.000000 1974.000000 840.000000 1985.000000 845.000000 1994.000000 846.000000 1999.000000 847.000000 2005.000000 852.000000 2009.000000 855.000000 2012.000000 856.000000 2015.000000 865.000000 2020.000000 868.000000 2027.000000 868.000000 2030.000000 871.000000 2037.000000 874.000000 2039.000000 886.000000 2034.000000 907.000000 2017.000000 952.000000 1900.000000 994.000000 1865.000000 1039.000000 1807.000000 1055.000000 1720.000000 1078.000000 1653.000000 1075.000000 1595.000000 1041.000000 
		}
	}
	members={
		742 743 744 745 746 747 748 749 750 775 833 834 1802 1803 2068 2069 2070 2071 2072 2073 2074 2075 2076 2715 2716 2717 2786 2787 2788 2789 2790 2802 2803 2804 2816 2817 2818 2819 2820 2821 2822 2823 2824 2825 2826 2827 2830 2832 4756 4765 
	}
}
panama={
	location=835
	outgoing={
		name="oceania"
		path={
			1403 1434 1676 1734 1735 1736 1740 1741 1711 1708 1702 1547 1548 835 
		}
		control={
			1572.000000 966.000000 1527.000000 908.000000 1473.000000 788.000000 1225.000000 696.000000 978.000000 617.000000 
		}
	}
	outgoing={
		name="carribean_trade"
		path={
			1515 1517 1516 
		}
		control={
			1587.000000 1051.000000 1607.000000 1125.000000 
		}
	}
	members={
		824 825 826 827 828 829 832 835 836 837 838 839 840 843 846 2627 2628 2629 2630 2631 2632 2633 2634 2635 2636 2710 2711 2836 4737 4739 4740 4741 4743 4744 4745 4747 4748 4749 4750 4751 4755 4762 
	}
}
oceania={
	location=1431
	outgoing={
		name="nippon"
		path={
			1235 4301 1376 
		}
		control={
			5480.000000 485.000000 5264.000000 891.000000 5099.000000 1034.000000 4983.000000 1101.000000 4877.000000 1182.000000 4863.000000 1207.000000 4847.000000 1212.000000 
		}
	}
	outgoing={
		name="australia"
		path={
			1429 1412 
		}
		control={
			5429.000000 288.000000 5288.000000 286.000000 
		}
	}
	members={
		1423 1431 1106 1107 1108 1109 1235 1236 1238 1239 1240 1241 1242 1243 1244 1246 1986 1987 1988 1989 1990 1991 1992 1993 1994 1995 1997 2878 2879 2880 4272 4301 4302 
	}
}
nippon={
	location=1376
	outgoing={
		name="hangzhou"
		path={
			1389 1373 684 
		}
		control={
			4816.000000 1220.000000 4760.000000 1154.000000 
		}
	}
	members={
		734 735 736 737 1012 1013 1014 1015 1017 1018 1019 1020 1021 1023 1024 1025 1026 1027 1028 1029 1030 1031 1032 1376 1818 1819 1820 1825 1830 1832 1835 1837 1839 1843 1847 1852 2511 2512 2512 2516 3173 3183 3307 3308 3309 3310 3311 3312 3313 4277 4310 4311 4312 4313 4314 4315 4316 4317 4318 4319 4320 4321 4322 4323 4353 4354 4355 4356 4483 4484 
	}
}
australia={
	location=1411
	outgoing={
		name="the_moluccas"
		path={
			1411 1407 1410 1409 1401 1357 
		}
		control={
			5110.000000 387.000000 5050.000000 485.000000 4941.000000 493.000000 4858.000000 550.000000 4781.000000 540.000000 
		}
	}
	members={
		1411 1084 1085 1086 1087 1088 1089 1090 1091 1092 1093 1094 1237 1790 1791 2096 2097 2098 2099 2100 2101 2102 2103 2104 2105 2106 2107 2108 2109 2110 2111 2112 2113 2114 2115 2116 2117 2871 2872 2873 2874 2876 2877 
	}
}
the_moluccas={
	location=1357
	outgoing={
		name="malacca"
		path={
			1358 1360 
		}
		control={
			4669.000000 535.000000 4548.000000 575.000000 4489.000000 622.000000 
		}
	}
	members={
		1357 624 625 626 627 628 629 630 631 632 633 634 635 641 642 643 644 645 646 647 648 649 650 1245 1789 2095 2410 2411 2412 2413 2414 2415 2416 2427 2428 2429 2865 2866 2867 2868 2869 2870 2875 
	}
}
malacca={
	location=1361
	outgoing={
		name="canton"
		path={
			1361 1362 1367 1394 
		}
		control={
			4475.000000 665.000000 4459.000000 737.000000 4555.000000 789.000000 4611.000000 901.000000 
		}
	}
	outgoing={
		name="ganges_delta"
		path={
			1348 1347 1345 1344 1343 
		}
		control={
			4329.000000 740.000000 4311.000000 813.000000 4265.000000 883.000000 4237.000000 946.000000 
		}
	}
	outgoing={
		name="zanzibar"
		path={
			1352 1624 1623 1621 1620 1617 1450 1448 
		}
		control={
			4470.000000 623.000000 4477.000000 580.000000 4429.000000 542.000000 4281.000000 536.000000 4159.000000 494.000000 3997.000000 488.000000 3866.000000 501.000000 3742.000000 517.000000 3615.000000 510.000000 
		}
	}
	members={
		1361 593 594 595 596 597 598 599 617 618 619 620 621 622 623 636 637 638 639 640 659 2008 2009 2394 2395 2396 2397 2398 2399 2400 2401 2402 2403 2404 2405 2406 2407 2408 2409 2417 2418 2419 2420 2421 2422 2423 2424 2425 2426 3089 3090 3091 4485 
	}
}
ganges_delta={
	location=1343
	outgoing={
		name="burma"
		path={
			1815 4519 
		}
		control={
			4251.000000 956.000000 4275.000000 899.000000 4293.000000 909.000000 4297.000000 933.000000 4291.000000 977.000000 
		}
	}
	outgoing={
		name="comorin_cape"
		path={
			1342 1341 1340 
		}
		control={
			4126.000000 928.000000 4037.000000 783.500000 
		}
	}
	members={
		547 552 553 560 561 562 563 564 567 568 579 586 590 1815 2230 2231 2232 2233 2244 2245 2246 2247 2248 2249 2250 2254 2370 2373 3093 4522 4560 4564 4565 4566 4567 4569 4570 4571 4589 4590 4592 4593 4594 4595 4596 4597 4604 1343 
	}
}
comorin_cape={
	location=1340
	outgoing={
		name="gulf_of_aden"
		path={
			1615 1451 1331 
		}
		control={
			3938.000000 771.000000 3767.000000 806.000000 3625.000000 850.000000 
		}
	}
	outgoing={
		name="gujarat"
		path={
			1339 1338 1337 504 
		}
		control={
			3994.000000 790.000000 3957.000000 868.000000 3939.000000 924.000000 3938.000000 992.000000 
		}
	}
	outgoing={
		name="zanzibar"
		path={
			1336 1452 1451 1453 1447 
		}
		control={
			3943.000000 722.000000 3831.000000 645.000000 3672.000000 578.000000 
		}
	}
	members={
		1340 531 533 534 535 536 537 538 539 540 541 543 549 572 574 1101 1248 1947 1949 1998 1999 2212 2213 2214 2215 2216 2217 2218 2219 2220 2221 2222 2223 2228 2229 4526 4527 4528 4529 4531 4532 4533 4534 4535 4536 4537 4538 4539 4540 4541 4542 4543 4544 4545 4546 
	}
}
gujarat={
	location=4576
	color={
		135 104 85 
	}
	outgoing={
		name="gulf_of_aden"
		path={
			1336 1333 1332 1331 
		}
		control={
			3891.459961 992.320007 3805.000000 1011.000000 3760.000000 967.000000 3677.000000 901.000000 
		}
	}
	outgoing={
		name="hormuz"
		path={
			1336 1334 
		}
		control={
			3920.000000 1010.000000 3895.000000 1040.000000 3879.000000 1038.000000 3848.000000 1027.000000 3802.000000 1045.000000 3715.000000 1047.000000 
		}
	}
	outgoing={
		name="zanzibar"
		path={
			1336 1452 1451 1453 1447 
		}
		control={
			3934.000000 992.000000 3907.000000 960.000000 3813.000000 906.000000 3738.000000 824.000000 3668.000000 669.000000 
		}
	}
	members={
		503 504 505 512 513 514 515 516 517 518 521 529 530 2186 2188 2195 2196 2197 2198 2199 2200 2201 2203 2208 2210 4548 4549 4573 4574 4575 4576 4581 4598 4618 4619 4620 4621 4622 4623 4624 4629 
	}
}
gulf_of_aden={
	location=1331
	outgoing={
		name="zanzibar"
		path={
			1446 1447 1448 
		}
		control={
			3600.000000 847.000000 3615.000000 825.000000 3602.000000 764.000000 3521.500000 652.000000 
		}
	}
	outgoing={
		name="alexandria"
		path={
			1330 1329 1328 361 358 
		}
		control={
			3558.000000 853.000000 3498.000000 845.000000 3479.000000 858.000000 3459.000000 892.000000 3370.000000 1051.000000 3329.000000 1110.000000 3318.000000 1128.000000 3314.000000 1140.000000 3315.000000 1151.000000 3316.000000 1164.000000 3306.000000 1173.000000 3286.000000 1177.000000 3266.000000 1172.000000 
		}
	}
	outgoing={
		name="hormuz"
		path={
			389 1779 395 1335 
		}
		control={
			3685.000000 923.000000 3744.000000 997.000000 3734.000000 1033.000000 3704.000000 1042.000000 
		}
	}
	outgoing={
		name="ethiopia"
		path={
			1330 1329 1328 361 358 
		}
		control={
			3560.000000 849.000000 3516.000000 840.000000 3469.000000 835.000000 3456.000000 832.000000 3440.000000 815.000000 3432.000000 794.000000 3411.000000 786.000000 3384.000000 796.000000 3375.000000 791.000000 3367.000000 803.000000 3368.000000 812.000000 3375.000000 817.000000 3390.000000 813.000000 3403.000000 812.000000 3405.000000 825.000000 3403.000000 829.000000 3396.000000 834.000000 
		}
	}
	members={
		386 387 388 389 390 391 401 402 1099 1205 1206 1209 1212 1215 1230 2003 2147 2537 2538 2539 2540 2541 2542 2671 2690 2691 2692 2693 2694 2695 2696 2697 2698 2699 2700 2701 2702 2703 2704 2705 2706 2707 4401 4402 4403 4404 4405 4406 1331 
	}
}
hormuz={
	location=1334
	outgoing={
		name="basra"
		path={
			1334 1335 
		}
		control={
			3680.000000 1081.000000 3636.000000 1076.000000 
		}
	}
	members={
		1334 397 398 399 400 403 404 430 431 432 434 435 575 2187 2291 2298 2299 2300 2301 2302 2303 2304 2543 3141 4407 4408 4409 4447 4448 4449 4450 4452 4464 
	}
}
basra={
	location=1335
	outgoing={
		name="aleppo"
		path={
			408 409 406 382 377 1317 1848 322 317 1320 
		}
		control={
			3558.000000 1150.000000 3554.000000 1152.000000 3549.000000 1159.000000 3544.000000 1159.000000 3533.000000 1159.000000 3526.000000 1161.000000 3516.000000 1165.000000 3503.000000 1171.000000 3498.000000 1184.000000 3497.000000 1193.000000 3493.000000 1197.000000 3489.000000 1203.000000 3475.000000 1206.000000 3463.000000 1220.000000 3445.000000 1222.000000 3437.000000 1234.000000 3432.000000 1237.000000 3426.000000 1245.000000 3402.000000 1249.000000 3389.000000 1249.000000 
		}
	}
	outgoing={
		name="persia"
		path={
			412 413 428 426 
		}
		control={
			3558.000000 1150.000000 3554.000000 1152.000000 3549.000000 1159.000000 3547.000000 1161.000000 3547.000000 1167.000000 3543.000000 1174.000000 3540.000000 1176.000000 3534.000000 1185.000000 3527.000000 1189.000000 3523.000000 1187.000000 3516.000000 1189.000000 3514.000000 1191.000000 3510.000000 1192.000000 3508.000000 1194.000000 3503.000000 1196.000000 3500.000000 1198.000000 3500.000000 1200.000000 3502.000000 1201.000000 3502.000000 1208.000000 3506.000000 1214.000000 3510.000000 1217.000000 3512.000000 1223.000000 3519.000000 1234.000000 3529.000000 1235.000000 3534.000000 1228.000000 3539.000000 1228.000000 3547.000000 1221.000000 3552.000000 1226.000000 3560.000000 1222.000000 3570.000000 1227.000000 3568.000000 1234.000000 3561.000000 1244.000000 3555.000000 1260.000000 3551.000000 1269.000000 3555.000000 1276.000000 3567.000000 1270.000000 3570.000000 1270.000000 3577.000000 1263.000000 3580.000000 1266.000000 3590.000000 1265.000000 3598.000000 1262.000000 3613.000000 1256.000000 
		}
	}
	members={
		392 393 394 395 396 405 408 409 410 412 413 414 1779 2130 2273 2274 2275 2276 2277 2278 2279 2288 2532 2533 2534 2544 2545 3348 4396 4397 4398 4410 4411 4412 4413 4461 2289 4451 2290 1335 
	}
}
zanzibar={
	location=1448
	outgoing={
		name="cape_of_good_hope"
		path={
			1449 1456 1457 1458 1459 1460 
		}
		control={
			3476.000000 502.000000 3494.000000 426.000000 3464.000000 350.000000 3388.000000 270.000000 3329.000000 181.000000 3233.000000 73.500000 
		}
	}
	members={
		1448 1449 1100 1102 1103 1186 1192 1193 1194 1195 1196 1199 1200 1201 1202 1203 1204 1792 2060 2708 2854 2855 2856 3145 3146 3147 4195 4252 4253 4254 4255 4256 4257 4258 4259 4260 
	}
}
cape_of_good_hope={
	location=1460
	outgoing={
		name="ivory_coast"
		path={
			1461 1462 1463 1464 1465 1466 
		}
		control={
			3090.000000 80.000000 3054.000000 153.000000 3020.000000 280.000000 2967.000000 389.000000 2956.000000 521.000000 2870.000000 678.000000 
		}
	}
	members={
		1460 1172 1173 1174 1175 1176 1177 1178 1179 1180 1181 1182 1183 1801 2021 2022 2023 2024 2025 2126 2168 2169 2170 2572 2595 2596 2597 2847 2848 2849 4219 4223 4224 4225 4226 4227 4228 4229 4261 
	}
}
ethiopia={
	location=1224
	inland=yes
	outgoing={
		name="alexandria"
		path={
			1330 1329 1328 361 358 
		}
		control={
			3378.000000 867.000000 3374.000000 880.000000 3366.000000 882.000000 3367.000000 894.000000 3358.000000 913.000000 3342.000000 930.000000 3336.000000 936.000000 3327.000000 965.000000 3296.000000 942.000000 3286.000000 943.000000 3279.000000 970.000000 3282.000000 976.000000 3279.000000 985.000000 3287.000000 995.000000 3307.000000 1018.000000 3316.000000 1025.000000 3319.000000 1057.000000 3313.000000 1063.000000 3317.000000 1076.000000 3307.000000 1076.000000 3295.000000 1090.000000 3287.000000 1097.000000 3286.000000 1117.000000 3293.000000 1135.000000 3293.000000 1144.000000 3286.000000 1149.000000 3284.000000 1153.000000 3279.000000 1158.000000 
		}
	}
	members={
		1207 1208 1210 1211 1213 1214 1216 1217 1218 1219 1220 1221 1222 1223 1224 1225 1226 1227 1228 1229 2044 2045 2047 2051 2054 2064 2593 2664 2665 2666 2667 2668 2669 2670 2672 2673 2674 2675 2676 2677 2678 2679 2680 2681 2682 2683 2684 2685 2686 2687 2688 2689 4216 4217 4273 4297 
	}
}
alexandria={
	location=358
	color={
		200 200 102 
	}
	outgoing={
		name="aleppo"
		path={
			362 363 364 379 381 392 378 377 
		}
		control={
			3284.000000 1161.000000 3309.000000 1156.000000 3336.000000 1155.000000 3354.000000 1178.000000 3371.000000 1231.000000 
		}
	}
	outgoing={
		name="constantinople"
		path={
			362 363 1316 1932 318 317 1320 
		}
		control={
			3263.000000 1173.000000 3262.000000 1192.000000 3244.000000 1218.000000 3213.000000 1249.000000 3211.000000 1273.000000 3204.000000 1288.000000 3200.000000 1300.000000 3199.000000 1313.000000 3209.000000 1322.000000 3216.000000 1324.000000 3223.000000 1331.000000 3230.000000 1335.000000 3240.000000 1339.000000 
		}
	}
	outgoing={
		name="venice"
		path={
			1315 1318 145 1773 144 143 1310 1309 1308 
		}
		control={
			3253.000000 1183.000000 3216.000000 1220.000000 3160.000000 1229.000000 3130.000000 1251.000000 3108.000000 1291.000000 3100.000000 1332.000000 3080.500000 1356.000000 3031.000000 1383.000000 
		}
	}
	outgoing={
		name="genua"
		path={
			357 1314 1313 1306 1302 1303 1298 1297 
		}
		control={
			3259.000000 1170.000000 3242.000000 1173.000000 3196.000000 1183.000000 3142.000000 1201.000000 3098.000000 1173.000000 3048.000000 1193.000000 3013.000000 1207.000000 2992.000000 1217.000000 2988.000000 1285.000000 2974.000000 1328.000000 2959.000000 1348.000000 2928.000000 1351.000000 
		}
	}
	members={
		383 384 385 356 357 358 359 360 361 362 363 364 365 379 380 1231 1232 1233 1234 1795 1854 2004 2151 2517 2518 2519 2520 2521 2522 2523 2524 2525 2526 2527 2528 2529 2530 2531 2535 2536 4392 4393 4399 4400 4438 4439 4440 4441 4442 4443 4466 4654 4717 
	}
}
burma={
	location=584
	color={
		35 229 76 
	}
	inland=yes
	outgoing={
		name="chengdu"
		path={
			675 583 
		}
		control={
			4315.000000 1004.000000 4348.000000 1027.000000 4367.000000 1057.000000 4407.000000 1062.000000 4422.000000 1080.000000 
		}
	}
	members={
		566 570 571 573 580 581 582 583 584 585 587 588 1950 2251 2252 2253 2255 2256 2257 2258 2259 2371 2372 4516 4517 4518 4519 4520 4521 4523 4524 4525 4559 
	}
}
chengdu={
	location=679
	inland=yes
	outgoing={
		name="hangzhou"
		path={
			3240 682 1821 684 
		}
		control={
			4450.000000 1150.000000 4467.000000 1136.000000 4489.000000 1142.000000 4496.000000 1154.000000 4501.000000 1160.000000 4518.000000 1162.000000 4529.000000 1162.000000 4539.000000 1159.000000 4544.000000 1153.000000 4553.000000 1150.000000 4560.000000 1140.000000 4567.000000 1138.000000 4582.000000 1143.000000 4588.000000 1154.000000 4599.000000 1154.000000 4607.000000 1143.000000 4626.000000 1144.000000 4638.000000 1157.000000 4647.000000 1157.000000 4660.000000 1160.000000 4676.000000 1158.000000 
		}
	}
	outgoing={
		name="canton"
		path={
			695 696 697 701 709 707 
		}
		control={
			4466.000000 1092.000000 4487.000000 1059.000000 4534.000000 1047.000000 4563.000000 1034.000000 
		}
	}
	outgoing={
		name="xian"
		path={
			695 696 697 701 709 707 
		}
		control={
			4446.000000 1178.000000 4457.000000 1192.000000 4467.000000 1196.000000 4486.000000 1201.000000 4498.000000 1205.000000 4502.000000 1217.000000 
		}
	}
	members={
		660 661 662 673 675 677 678 679 680 2456 2457 2458 2464 2465 2466 2467 2468 2488 2489 2491 3164 3211 3212 3177 3176 3210 3174 4832 4835 4836 4831 4829 4830 
	}
}
brazil={
	location=1531
	outgoing={
		name="ivory_coast"
		path={
			1584 1469 1470 
		}
		control={
			2369.000000 709.000000 2675.080078 625.960022 
		}
	}
	members={
		751 752 753 754 755 756 757 758 759 760 761 762 763 764 765 766 767 768 769 774 2781 2782 2783 2784 2791 2792 2793 2794 2795 2796 2797 2798 2799 2800 2801 2805 2806 2807 2808 2809 2810 2811 2812 2813 2814 2815 1531 
	}
}
ivory_coast={
	location=1466
	outgoing={
		name="carribean_trade"
		path={
			1467 1468 1579 1577 1576 1522 1520 1519 1517 1516 
		}
		control={
			2661.000000 649.000000 2407.000000 760.000000 2271.000000 882.000000 2120.000000 931.000000 1944.000000 1042.000000 1849.000000 1071.000000 1772.000000 1085.000000 1700.000000 1097.000000 1632.000000 1128.000000 
		}
	}
	outgoing={
		name="bordeaux"
		path={
			1467 1468 1470 1471 1566 1563 
		}
		control={
			2644.000000 692.000000 2521.000000 824.000000 2506.000000 1058.000000 2523.000000 1204.000000 2589.000000 1369.000000 
		}
	}
	outgoing={
		name="english_channel"
		path={
			1467 1468 1470 1471 1566 1563 
		}
		control={
			2647.419922 670.510010 2482.000000 799.000000 2451.000000 1080.000000 2434.000000 1282.000000 2478.000000 1394.000000 2628.000000 1475.000000 2698.000000 1499.000000 2795.000000 1516.000000 
		}
	}
	outgoing={
		name="sevilla"
		path={
			1467 1468 1470 1471 1566 1563 
		}
		control={
			2656.000000 712.000000 2541.000000 833.000000 2519.000000 946.000000 2565.000000 1077.000000 2617.000000 1127.000000 2673.000000 1220.000000 
		}
	}
	members={
		1096 1097 1098 1112 1113 1114 1118 1119 1122 1125 1126 1138 1139 1141 1147 1151 1163 1164 1165 1166 1167 1168 2015 2016 2040 2123 2128 2311 2313 2331 2332 2333 2339 2359 1466 2845 4269 4270 4271 
	}
}
safi={
	location=345
	outgoing={
		name="sevilla"
		path={
			342 1293 
		}
		control={
			2655.000000 1168.000000 2667.000000 1183.000000 2698.000000 1198.000000 2709.000000 1228.000000 
		}
	}
	members={
		335 336 337 338 342 343 344 345 346 347 348 349 1110 1111 1127 1128 1793 2011 2050 2052 2061 2062 2063 2565 2566 2567 2568 2569 2570 2571 2573 2574 2575 2576 2577 2590 4705 4707 4711 4712 4713 4714 4715 4716 4984 
	}
}
carribean_trade={
	location=1516
	outgoing={
		name="chesapeake_bay"
		path={
			1524 1503 1502 1501 1500 
		}
		control={
			1651.000000 1181.000000 1652.000000 1206.000000 1619.000000 1236.000000 1604.000000 1280.000000 1606.000000 1312.000000 1587.000000 1389.000000 1635.000000 1447.000000 
		}
	}
	outgoing={
		name="bordeaux"
		path={
			488 490 1526 1575 1583 1580 1567 1563 
		}
		control={
			1651.000000 1175.000000 1660.000000 1190.000000 1699.000000 1200.000000 1886.000000 1224.000000 2174.000000 1266.000000 2338.000000 1345.000000 2497.000000 1381.000000 2659.000000 1429.000000 
		}
	}
	outgoing={
		name="sevilla"
		path={
			488 490 1526 1575 1583 1580 1567 1563 
		}
		control={
			1648.000000 1133.000000 1696.000000 1108.000000 1767.000000 1097.000000 1842.000000 1108.000000 1921.000000 1133.000000 2019.000000 1171.000000 2253.000000 1245.000000 2418.000000 1253.000000 2566.000000 1277.000000 
		}
	}
	members={
		1516 482 483 484 485 486 487 488 489 490 491 492 493 494 495 496 497 498 499 500 501 502 741 830 831 923 926 927 928 1881 2120 2622 2623 2624 2625 2626 2712 2828 2829 2831 2833 2834 2835 2963 2964 2965 2966 4757 4758 4759 4760 4761 4763 4764 4766 4767 4768 4769 4770 4771 4772 4773 4774 4799 4800 
	}
}
sevilla={
	location=1293
	color={
		57 160 101 
	}
	outgoing={
		name="aleppo"
		path={
			1751 2367 377 
		}
		control={
			2736.000000 1250.000000 2764.000000 1251.000000 2819.000000 1272.000000 2894.000000 1284.000000 2982.000000 1277.000000 3030.000000 1237.000000 3090.000000 1217.000000 3174.000000 1213.000000 3229.000000 1202.000000 3330.000000 1183.500000 3363.000000 1249.500000 
		}
	}
	outgoing={
		name="valencia"
		path={
			223 222 221 1295 1296 1297 
		}
		control={
			2734.000000 1256.000000 2749.000000 1259.000000 2777.000000 1263.000000 2796.000000 1277.000000 
		}
	}
	members={
		206 207 208 1746 215 216 231 232 1293 217 218 219 221 222 223 224 225 226 227 228 229 230 334 366 367 368 1745 1747 1748 1749 1751 1851 2599 2600 2601 4268 4284 4689 4690 4691 4694 4695 4696 4697 4698 4699 4701 4704 4706 4708 4946 4947 4985 
	}
}
aleppo={
	location=377
	outgoing={
		name="persia"
		path={
			417 420 419 418 332 329 325 316 1320 
		}
		control={
			3393.000000 1258.000000 3441.000000 1258.000000 3466.000000 1268.000000 3496.000000 1263.000000 3508.000000 1277.000000 3512.000000 1298.000000 3519.000000 1304.000000 3531.000000 1304.000000 3547.000000 1308.000000 3559.000000 1307.000000 3565.000000 1300.000000 3569.000000 1280.000000 3577.000000 1274.000000 3590.000000 1268.000000 3597.000000 1264.000000 3611.000000 1258.000000 
		}
	}
	outgoing={
		name="constantinople"
		path={
			408 409 406 382 377 1317 1848 322 317 1320 
		}
		control={
			3364.000000 1259.000000 3337.000000 1248.000000 3275.000000 1246.000000 3246.000000 1259.000000 3233.000000 1259.000000 3225.000000 1261.000000 3218.000000 1281.000000 3207.000000 1289.000000 3203.000000 1313.000000 3209.000000 1321.000000 3216.000000 1324.000000 3223.000000 1331.000000 3230.000000 1335.000000 3240.000000 1339.000000 
		}
	}
	members={
		321 323 324 327 332 377 378 381 382 406 407 411 418 1849 1855 2269 2270 2271 2272 2364 2366 2367 2368 2546 2547 2548 4394 4395 4414 4417 4418 4419 4420 4429 4432 
	}
}
persia={
	location=426
	color={
		204 119 31 
	}
	inland=yes
	outgoing={
		name="crimea"
		path={
			421 420 2265 423 422 462 1322 
		}
		control={
			3601.000000 1301.000000 3576.000000 1314.000000 3567.000000 1327.000000 3544.000000 1332.000000 3536.000000 1342.000000 3529.000000 1351.000000 3513.000000 1358.000000 3485.000000 1365.000000 3456.000000 1365.000000 3440.000000 1369.000000 3356.000000 1388.000000 3325.000000 1404.000000 
		}
	}
	outgoing={
		name="samarkand"
		path={
			442 441 438 437 427 426 
		}
		control={
			3641.000000 1262.000000 3652.000000 1264.000000 3666.000000 1272.000000 3679.000000 1286.000000 3688.000000 1293.000000 3698.000000 1295.000000 3759.000000 1299.000000 3785.000000 1310.000000 3814.000000 1324.000000 
		}
	}
	members={
		415 416 417 419 420 421 424 426 427 428 429 433 436 437 438 439 443 446 2148 2152 2280 2281 2282 2283 2284 2285 2286 2287 2292 2294 2295 2296 2297 4298 4415 4416 4421 4422 4426 4427 4444 4445 4446 4453 4455 4457 4458 4459 4465 4454 4456 4460 
	}
}
samarkand={
	location=454
	inland=yes
	outgoing={
		name="yumen"
		path={
			713 1786 739 1785 452 1967 454 
		}
		control={
			3877.000000 1313.000000 3894.000000 1311.000000 3914.000000 1324.000000 3926.000000 1329.000000 3952.000000 1331.000000 3975.000000 1327.000000 3992.000000 1326.000000 4005.000000 1323.000000 4023.000000 1314.000000 4064.000000 1323.000000 4087.000000 1331.000000 4119.000000 1335.000000 4137.000000 1335.000000 4157.000000 1342.000000 4190.000000 1344.000000 4220.000000 1336.000000 4234.000000 1321.000000 4243.000000 1320.000000 4265.000000 1320.000000 
		}
	}
	outgoing={
		name="astrakhan"
		path={
			442 440 443 470 465 464 
		}
		control={
			3822.000000 1332.000000 3763.000000 1339.000000 3711.000000 1377.000000 3676.000000 1432.000000 3652.129883 1456.920044 3610.000000 1470.000000 
		}
	}
	members={
		440 441 442 444 445 446 452 453 454 455 456 457 458 459 460 461 476 477 478 739 1066 1784 1785 1967 1968 1969 1970 1973 2293 2430 2431 2432 2433 2434 2435 2439 2440 2441 2442 2443 2444 2445 2447 2450 4339 4463 4834 4898 
	}
}
astrakhan={
	location=464
	inland=yes
	outgoing={
		name="yumen"
		path={
			471 456 459 714 715 713 707 
		}
		control={
			3609.000000 1477.000000 3656.000000 1474.000000 3736.000000 1463.000000 3775.000000 1455.000000 3811.000000 1426.000000 3831.000000 1408.000000 3879.000000 1404.000000 3919.000000 1403.000000 3952.000000 1382.000000 3973.000000 1370.000000 4015.000000 1358.000000 4053.000000 1379.000000 4071.000000 1385.000000 4076.000000 1392.000000 4093.000000 1388.000000 4123.000000 1393.000000 4161.000000 1392.000000 4210.000000 1381.000000 4226.000000 1373.000000 4233.000000 1363.000000 4264.000000 1333.000000 4288.000000 1324.000000 
		}
	}
	outgoing={
		name="kazan"
		path={
			466 303 1081 1082 
		}
		control={
			3509.000000 1488.000000 3516.000000 1547.000000 3559.000000 1606.000000 
		}
	}
	outgoing={
		name="crimea"
		path={
			468 287 1323 
		}
		control={
			3486.000000 1439.000000 3417.000000 1425.000000 3393.000000 1419.000000 3370.000000 1423.000000 
		}
	}
	members={
		288 291 298 299 302 303 304 425 464 465 466 467 468 469 470 471 472 474 1971 2262 2263 2264 2436 2437 2438 2612 2613 2616 2617 2618 2619 2620 4428 
	}
}
crimea={
	location=1322
	color={
		59 158 125 
	}
	outgoing={
		name="kiev"
		path={
			284 282 281 280 
		}
		control={
			3309.000000 1428.000000 3297.000000 1470.000000 3290.000000 1506.000000 
		}
	}
	outgoing={
		name="duolaohe"
		path={
			1322 1756 268 161 
		}
		control={
			3289.000000 1412.000000 3274.000000 1418.000000 3269.000000 1421.000000 3264.000000 1426.000000 3252.000000 1422.000000 3246.000000 1426.000000 3243.000000 1425.000000 3242.000000 1414.000000 3245.000000 1409.000000 3242.000000 1404.000000 3231.000000 1402.000000 3219.000000 1400.000000 
		}
	}
	outgoing={
		name="constantinople"
		path={
			1322 1321 1320 
		}
		control={
			3285.000000 1394.000000 3266.000000 1359.000000 
		}
	}
	members={
		284 282 283 285 286 287 330 331 422 423 462 463 1856 1974 1322 1323 2124 2260 2261 2265 2266 2267 2268 2607 2608 2609 2610 2611 2614 2615 2616 4423 4424 4425 
	}
}
kiev={
	location=280
	outgoing={
		name="novgorod"
		path={
			278 292 275 311 310 
		}
		control={
			3260.000000 1570.000000 3259.000000 1631.000000 3250.000000 1680.000000 3251.000000 1718.000000 3271.000000 1726.000000 
		}
	}
	outgoing={
		name="krakow"
		path={
			279 260 262 
		}
		control={
			3221.000000 1531.000000 3171.000000 1539.000000 
		}
	}
	members={
		272 275 276 278 279 280 281 289 290 292 293 296 297 300 1941 1942 1943 1944 1945 2149 2605 2606 3115 4247 4274 4366 4368 4369 4370 4371 4675 4676 4677 4679 4680 4682 4683 4684 4685 
	}
}
krakow={
	location=262
	inland=yes
	outgoing={
		name="wien"
		path={
			154 1772 134 
		}
		control={
			3110.000000 1518.000000 3098.000000 1506.000000 3083.000000 1495.000000 
		}
	}
	outgoing={
		name="saxony"
		path={
			263 264 1763 
		}
		control={
			3083.000000 1532.000000 3069.000000 1548.000000 3034.000000 1562.000000 
		}
	}
	outgoing={
		name="baltic_sea"
		path={
			258 255 1859 43 1927 1926 
		}
		control={
			3097.000000 1544.000000 3089.000000 1554.000000 3095.000000 1580.000000 3096.000000 1605.000000 3118.000000 1637.000000 
		}
	}
	members={
		258 259 260 261 262 269 277 1940 256 257 1859 1937 1938 1939 254 255 2602 3094 3112 3113 3114 4663 4664 4665 4666 4667 4668 4673 4678 4681 
	}
}
kazan={
	location=1082
	inland=yes
	outgoing={
		name="novgorod"
		path={
			306 307 308 312 310 
		}
		control={
			3560.000000 1641.000000 3551.000000 1648.000000 3530.000000 1651.000000 3498.000000 1644.000000 3427.000000 1649.000000 3393.000000 1636.000000 3357.000000 1653.000000 3319.000000 1677.000000 3297.000000 1720.000000 
		}
	}
	members={
		305 306 473 475 1077 1079 1081 1082 1083 1957 1962 1965 1972 2621 2838 2839 2840 2841 2842 4388 4389 4390 4391 
	}
}
novgorod={
	location=33
	color={
		97 126 37 
	}
	outgoing={
		name="baltic_sea"
		path={
			34 36 1926 
		}
		control={
			3261.000000 1737.000000 3194.000000 1730.000000 3156.000000 1720.000000 
		}
	}
	outgoing={
		name="white_sea"
		path={
			1261 309 1652 
		}
		control={
			3298.000000 1732.000000 3338.000000 1750.000000 3377.000000 1757.000000 3387.000000 1816.000000 3381.000000 1833.000000 3372.500000 1863.000000 
		}
	}
	members={
		30 33 34 1961 274 1960 4286 310 311 1959 2844 4384 294 1752 4367 4372 4373 301 1778 4379 295 4375 4376 307 4285 4377 308 1753 4275 4374 1754 1956 4378 312 4383 4385 
	}
}
baltic_sea={
	location=1926
	color={
		8 82 165 
	}
	outgoing={
		name="lubeck"
		path={
			1255 1257 1925 45 
		}
		control={
			3089.000000 1696.000000 3072.000000 1648.000000 3044.000000 1636.000000 3015.000000 1620.000000 2984.000000 1605.000000 
		}
	}
	members={
		1 2 3 4 5 8 9 11 18 19 25 27 28 29 31 35 37 38 39 40 270 271 273 1930 1935 1936 1985 41 42 43 1841 2837 3098 2155 2005 4262 4263 4283 4296 36 1834 1842 4365 4674 3099 1926 
	}
}
yumen={
	location=707
	color={
		200 55 238 
	}
	inland=yes
	outgoing={
		name="saibei"
		path={
			2285 3299 3337 720 
		}
		control={
			4331.000000 1347.000000 4308.000000 1364.000000 4296.000000 1386.000000 4324.000000 1393.000000 4361.000000 1386.000000 4379.000000 1396.000000 4393.000000 1397.000000 4408.000000 1400.000000 4430.000000 1406.000000 4450.000000 1394.000000 
		}
	}
	outgoing={
		name="xian"
		path={
			695 696 697 701 709 707 
		}
		control={
			4346.000000 1315.000000 4367.000000 1299.000000 4383.000000 1288.000000 4403.000000 1276.000000 4413.000000 1261.000000 4420.000000 1240.000000 4439.000000 1229.000000 4446.000000 1226.000000 4470.000000 1223.000000 4486.000000 1220.000000 4497.000000 1219.000000 
		}
	}
	members={
		707 708 710 711 712 713 714 715 1786 2446 2460 2881 2882 2883 2884 2885 2887 2888 4334 4336 4337 4338 4349 4350 4352 3292 3293 3294 3295 3291 3301 3303 3335 3296 3321 3198 3197 3304 3297 3298 3290 4644 3305 3302 3324 4894 4896 4897 4899 4900 4901 4902 
	}
}
duolaohe={
	location=4671
	color={
		100 10 200 
	}
	outgoing={
		name="wien"
		path={
			149 1765 1766 138 137 
		}
		control={
			3196.000000 1394.000000 3182.000000 1394.000000 3163.000000 1396.000000 3163.000000 1402.000000 3156.000000 1407.000000 3160.000000 1410.000000 3154.000000 1412.000000 3151.000000 1409.000000 3141.000000 1414.000000 3130.000000 1409.000000 3123.000000 1416.000000 3117.139893 1423.250000 3103.000000 1422.000000 3100.000000 1441.000000 3102.000000 1447.000000 3100.000000 1459.000000 3096.000000 1472.000000 3081.000000 1472.000000 3075.000000 1477.000000 
		}
	}
	outgoing={
		name="constantinople"
		path={
			150 149 151 
		}
		control={
			3213.000000 1376.000000 3233.000000 1365.000000 3245.000000 1350.000000 3256.000000 1345.000000 
		}
	}
	members={
		155 156 157 158 160 161 268 1756 1951 1952 1953 1954 2006 2154 3116 4248 4249 4250 4251 4669 4670 4671 4672 4686 
	}
}
constantinople={
	location=1320
	color={
		126 203 120 
	}
	outgoing={
		name="ragusa"
		path={
			149 1765 1766 138 137 
		}
		control={
			3251.000000 1344.000000 3230.000000 1343.000000 3203.000000 1344.000000 3170.000000 1346.000000 3156.000000 1358.000000 3138.000000 1374.000000 3111.000000 1367.000000 
		}
	}
	members={
		149 151 159 1765 150 164 316 317 318 319 320 322 325 326 328 329 1320 1764 1846 1848 2012 2013 2125 2156 2360 2361 2362 2363 2365 2369 2603 2604 4430 4431 4433 4434 4435 4436 4437 4687 4688 4908 4909 
	}
}
ragusa={
	location=137
	outgoing={
		name="wien"
		path={
			139 140 1767 1864 135 134 
		}
		control={
			3081.000000 1380.000000 3078.000000 1398.000000 3071.000000 1411.000000 3075.000000 1420.000000 3070.000000 1422.000000 3066.000000 1430.000000 3062.000000 1443.000000 3061.000000 1453.000000 3067.000000 1468.000000 
		}
	}
	outgoing={
		name="venice"
		path={
			136 1308 
		}
		control={
			3068.000000 1374.000000 3040.000000 1387.000000 3007.000000 1421.000000 
		}
	}
	outgoing={
		name="genua"
		path={
			1310 1311 1307 1304 1303 1298 1297 
		}
		control={
			3101.000000 1349.000000 3096.500000 1299.000000 3055.000000 1269.000000 3041.500000 1303.000000 2984.000000 1338.000000 2950.000000 1390.500000 
		}
	}
	members={
		131 136 137 138 139 140 141 142 143 144 145 146 147 148 152 163 1766 1767 1773 1826 1827 1828 1831 1853 2007 2121 3117 4265 4266 4267 4299 4300 4362 4910 4911 4912 4913 4914 4916 4915 4942 4974 
	}
}
wien={
	location=134
	color={
		220 220 220 
	}
	inland=yes
	outgoing={
		name="venice"
		path={
			132 128 1769 1308 
		}
		control={
			3047.000000 1456.000000 3030.000000 1452.000000 3024.000000 1439.000000 3014.000000 1440.000000 3005.000000 1435.000000 
		}
	}
	outgoing={
		name="rheinland"
		path={
			133 64 1757 67 66 79 1876 
		}
		control={
			3051.000000 1485.000000 3031.000000 1486.000000 3019.000000 1488.000000 3010.000000 1494.000000 3003.000000 1498.000000 2992.000000 1501.000000 2981.000000 1508.000000 2965.000000 1513.000000 2953.000000 1516.000000 
		}
	}
	outgoing={
		name="saxony"
		path={
			1770 267 266 1771 61 59 
		}
		control={
			3057.000000 1490.000000 3052.000000 1496.000000 3040.000000 1497.000000 3031.000000 1504.000000 3026.000000 1510.000000 3030.000000 1514.000000 3030.000000 1525.000000 3027.000000 1534.000000 
		}
	}
	members={
		64 65 73 76 110 128 132 133 134 135 153 154 162 265 266 1757 1768 1770 1772 1863 1864 3100 3101 3102 3109 3110 3111 4359 4360 4363 4906 4957 4958 4959 4960 4961 4962 4963 4964 4969 4978 
	}
}
saxony={
	location=59
	inland=yes
	outgoing={
		name="rheinland"
		path={
			62 63 79 81 1876 
		}
		control={
			3002.000000 1539.000000 2970.000000 1542.000000 2956.500000 1530.000000 
		}
	}
	outgoing={
		name="lubeck"
		path={
			58 52 51 46 45 
		}
		control={
			2990.000000 1555.000000 2991.000000 1578.000000 
		}
	}
	members={
		49 50 51 52 57 58 59 60 61 62 63 263 264 267 1758 1759 1763 1771 3096 3097 3106 3108 3118 3119 4361 4904 4905 4940 4956 4967 4968 4971 4972 4975 4977 
	}
}
rheinland={
	location=1876
	color={
		114 171 184 
	}
	inland=yes
	outgoing={
		name="champagne"
		path={
			83 1760 80 188 187 186 
		}
		control={
			2930.000000 1524.000000 2911.000000 1536.000000 2898.000000 1544.000000 2886.000000 1532.000000 2885.000000 1521.000000 2881.000000 1503.000000 
		}
	}
	outgoing={
		name="lubeck"
		path={
			1762 57 53 1857 45 
		}
		control={
			2954.000000 1549.000000 2966.000000 1562.000000 2962.000000 1579.000000 2972.000000 1591.500000 
		}
	}
	members={
		56 66 67 68 69 70 71 72 74 75 77 78 79 80 81 82 83 84 85 86 166 1760 1761 1762 1868 1869 1870 1872 1873 1876 1878 1880 3104 3105 3107 4936 4937 4934 4935 4941 4938 4939 4949 4965 4966 4982 4983 
	}
}
saibei={
	location=720
	color={
		100 200 10 
	}
	outgoing={
		name="xian"
		path={
			720 701 700 
		}
		control={
			4496.000000 1351.000000 4497.000000 1329.000000 4509.000000 1278.000000 4512.000000 1246.000000 4513.000000 1231.000000 
		}
	}
	outgoing={
		name="beijing"
		path={
			720 696 1816 
		}
		control={
			4519.000000 1378.000000 4613.000000 1367.000000 4642.000000 1352.000000 
		}
	}
	members={
		716 717 718 719 720 721 1065 2889 2890 2891 2892 2893 2898 3193 3241 3243 3248 3249 3251 3278 3279 3280 3281 3282 3299 3300 3337 3338 3336 3242 3245 3246 1055 1056 1057 1058 1060 2905 3247 3250 3276 3277 3283 
	}
}
canton={
	location=1371
	outgoing={
		name="hangzhou"
		path={
			1372 1824 684 
		}
		control={
			4600.000000 1008.000000 4637.000000 1022.000000 4686.000000 1065.000000 4710.859863 1107.219971 4717.000000 1133.000000 4715.000000 1141.000000 4709.000000 1143.000000 4701.000000 1149.000000 
		}
	}
	members={
		1371 610 613 616 663 664 665 666 667 668 671 672 674 738 1016 1840 2014 2384 2385 2469 2470 2471 2472 2473 2474 2475 2476 2485 2486 2487 2857 2858 3149 3217 3218 3222 3227 3228 3235 3259 3260 3264 4329 4331 4638 4801 4842 4819 4818 4817 4815 4805 4806 4802 4816 4826 4803 4825 4804 4843 4820 4821 4822 4823 4824 4164 4165 
	}
}
hangzhou={
	location=684
	outgoing={
		name="xian"
		path={
			686 687 1836 689 698 706 707 
		}
		control={
			4673.000000 1172.000000 4668.000000 1187.000000 4665.000000 1193.000000 4661.000000 1200.000000 4656.000000 1207.000000 4653.000000 1213.000000 4640.000000 1219.000000 4634.000000 1224.000000 4630.000000 1222.000000 4627.000000 1219.000000 4614.000000 1223.000000 4600.000000 1225.000000 4590.000000 1236.000000 4580.000000 1234.000000 4567.000000 1233.000000 4560.000000 1231.000000 4549.000000 1228.000000 4538.000000 1226.000000 4529.000000 1225.000000 
		}
	}
	outgoing={
		name="beijing"
		path={
			684 1373 1374 1375 
		}
		control={
			4716.000000 1167.000000 4726.000000 1278.000000 4680.000000 1298.000000 4651.000000 1306.000000 
		}
	}
	members={
		669 670 682 684 683 685 686 687 1821 1822 1824 1829 1833 1838 2477 2478 2479 2480 2481 2482 2483 2484 2493 2494 2495 2496 2497 2498 3162 3165 3166 3216 3219 3221 3220 3207 3231 3232 3240 3234 3238 3237 3233 3239 3258 3263 3257 4326 4327 4813 4811 4810 4827 4808 4807 4812 4814 4837 4809 4839 4838 4840 4841 4864 4861 4860 4846 4847 4848 4850 4844 4849 4845 4851 
	}
}
beijing={
	location=1816
	outgoing={
		name="xian"
		path={
			695 696 697 701 709 707 
		}
		control={
			4623.000000 1325.000000 4599.000000 1330.000000 4588.000000 1325.000000 4576.000000 1322.000000 4566.000000 1311.000000 4564.000000 1282.000000 4550.000000 1270.000000 4545.000000 1256.000000 4539.000000 1241.000000 4525.000000 1230.000000 
		}
	}
	members={
		690 691 692 695 696 697 702 703 704 722 723 726 733 1816 1845 2019 2020 2499 2500 2501 2502 2509 2510 2513 2549 2550 2551 3167 3168 3169 3215 3181 3185 3182 3189 3184 3186 3188 3199 3201 3200 3187 3253 3254 3255 3266 3267 3314 4324 4325 3339 4875 4853 4883 4877 4876 4852 4858 4857 4859 4854 4856 4855 4873 4874 4871 4872 4868 4882 
	}
}
chesapeake_bay={
	location=1500
	color={
		193 26 14 
	}
	outgoing={
		name="st_lawrence"
		path={
			965 963 969 2012 986 1490 
		}
		control={
			1721.000000 1575.000000 1810.000000 1612.000000 1874.000000 1647.000000 1862.000000 1682.000000 1831.000000 1679.000000 
		}
	}
	outgoing={
		name="english_channel"
		path={
			1570 1572 1582 1568 1564 1563 
		}
		control={
			1738.000000 1507.000000 1814.000000 1395.000000 2063.000000 1401.000000 2229.000000 1472.000000 2450.000000 1514.000000 2598.000000 1508.000000 2694.000000 1509.000000 2796.000000 1520.000000 
		}
	}
	members={
		1500 481 924 925 929 930 931 932 933 936 937 938 949 950 952 953 955 956 957 962 963 965 966 967 968 969 970 2135 2136 2138 2146 2967 2968 2969 2970 2971 2972 2973 2974 2975 2976 2977 2979 2980 2981 2990 2991 2992 2993 2994 2995 2996 2997 3000 3001 3002 3340 
	}
}
st_lawrence={
	location=1490
	color={
		193 192 14 
	}
	outgoing={
		name="north_sea"
		path={
			1493 1496 1497 1498 1478 1476 1282 1975 
		}
		control={
			1873.000000 1718.000000 1906.000000 1756.000000 1952.000000 1779.000000 2050.000000 1772.000000 2577.000000 1737.000000 2696.139893 1734.630005 2763.000000 1737.000000 2781.000000 1703.000000 
		}
	}
	outgoing={
		name="bordeaux"
		path={
			1491 1494 1495 1565 1564 1479 1563 
		}
		control={
			1872.000000 1687.000000 1923.000000 1630.000000 2041.000000 1632.000000 2178.000000 1627.000000 2364.000000 1615.000000 2546.000000 1579.000000 2663.000000 1521.000000 2718.000000 1447.000000 
		}
	}
	members={
		1490 959 960 961 964 971 980 981 982 983 984 985 986 989 990 991 992 993 994 995 996 2137 2998 2999 3003 3004 3005 3006 3007 3008 3009 3010 3011 3012 3013 3014 3015 3016 3017 3018 3024 3026 
	}
}
white_sea={
	location=1652
	color={
		210 46 28 
	}
	outgoing={
		name="north_sea"
		path={
			1263 1264 1265 1929 1266 1975 
		}
		control={
			3453.000000 1897.000000 3447.000000 1948.000000 3339.000000 1992.000000 3187.000000 2034.000000 3076.000000 1993.000000 2987.000000 1944.000000 2942.000000 1864.000000 2862.000000 1790.000000 2868.000000 1711.000000 2847.000000 1660.000000 
		}
	}
	members={
		315 1777 1963 2118 1072 1077 1755 1780 1963 1964 4276 4282 1955 4246 4380 4381 313 1776 1958 4382 314 4386 4387 32 309 4264 1652 
	}
}
north_sea={
	location=1975
	color={
		117 165 188 
	}
	outgoing={
		name="english_channel"
		path={
			1270 236 
		}
		control={
			2836.000000 1619.000000 2840.000000 1576.000000 2834.000000 1548.000000 
		}
	}
	outgoing={
		name="lowlands"
		path={
			1270 236 
		}
		control={
			2851.000000 1611.000000 
		}
	}
	outgoing={
		name="lubeck"
		path={
			1266 1267 1259 1258 1925 45 
		}
		control={
			2882.000000 1665.000000 2955.000000 1690.500000 2983.000000 1670.000000 2979.000000 1645.000000 2974.000000 1637.000000 2979.000000 1627.000000 2976.000000 1618.000000 2974.000000 1612.000000 2981.000000 1606.000000 
		}
	}
	members={
		1975 10 20 21 22 23 24 248 249 250 251 252 253 369 370 371 1978 1979 246 247 372 373 374 375 376 245 3088 3317 3318 3319 3320 4237 4238 4239 4240 4241 4242 4486 4487 4488 4489 4490 4492 4493 4502 4503 4504 
	}
}
lubeck={
	location=45
	color={
		190 70 70 
	}
	outgoing={
		name="lowlands"
		path={
			1857 44 1268 1269 1744 
		}
		control={
			2969.000000 1597.000000 2963.000000 1598.000000 2956.000000 1593.000000 2953.000000 1593.000000 2945.000000 1598.000000 2940.000000 1600.000000 2924.000000 1598.000000 2907.000000 1596.000000 2887.000000 1590.000000 
		}
	}
	members={
		6 7 12 13 14 15 16 17 26 44 45 46 47 53 54 55 1775 1857 1874 48 1858 1982 1981 1983 1984 2017 3095 3120 3121 3122 4287 4288 4289 4290 4291 4292 4293 4294 4295 4907 4954 4955 4970 
	}
}
bordeaux={
	location=1276
	color={
		36 132 247 
	}
	outgoing={
		name="champagne"
		path={
			1275 172 178 184 185 
		}
		control={
			2798.000000 1410.000000 2798.000000 1434.000000 2805.000000 1459.000000 2832.000000 1470.000000 
		}
	}
	members={
		1276 170 171 172 173 174 175 176 179 180 184 190 194 209 210 169 177 178 195 198 199 3136 4244 4245 4507 4509 4510 4512 4945 4951 4952 
	}
}
champagne={
	location=186
	color={
		193 26 14 
	}
	inland=yes
	outgoing={
		name="genua"
		path={
			187 193 203 204 201 1297 
		}
		control={
			2891.000000 1487.000000 2893.000000 1450.000000 2884.000000 1427.000000 2882.000000 1409.500000 2891.000000 1391.000000 
		}
	}
	outgoing={
		name="english_channel"
		path={
			183 167 
		}
		control={
			2859.000000 1505.000000 2837.000000 1533.000000 
		}
	}
	outgoing={
		name="lowlands"
		path={
			181 1866 92 1744 1269 
		}
		control={
			2867.000000 1512.000000 2868.000000 1528.000000 2865.000000 1540.000000 2879.000000 1561.000000 
		}
	}
	members={
		165 181 182 183 185 186 187 188 189 191 192 193 203 204 205 1867 1871 1877 4511 4513 4515 4929 4930 4931 4933 4932 4953 
	}
}
valencia={
	location=1295
	color={
		87 70 168 
	}
	outgoing={
		name="genua"
		path={
			213 1296 1297 
		}
		control={
			2847.000000 1341.000000 2862.000000 1356.000000 2868.000000 1379.000000 
		}
	}
	members={
		196 197 200 211 212 213 214 220 333 1750 2598 3137 3138 3139 4514 4692 4693 4700 4702 4703 4950 1295 
	}
}
english_channel={
	location=1271
	color={
		220 138 57 
	}
	outgoing={
		name="lowlands"
		path={
			1297 
		}
		control={
			2844.000000 1542.000000 2857.000000 1549.000000 2867.000000 1559.000000 2876.000000 1575.000000 
		}
	}
	members={
		233 234 235 236 237 238 239 240 241 242 243 244 1860 1861 87 88 89 167 168 1269 1270 1271 1272 1743 1879 4243 4491 4494 4495 4496 4497 4498 4499 4500 4501 4508 4903 
	}
}
lowlands={
	location=1269
	color={
		20 18 57
	}
	members={
		90 91 92 93 94 95 96 97 98 99 100 1269 1742 1744 1865 1866 1931 2010 2018 3103 4505 4506 4948 4976
	}
	end=yes
}
genua={
	location=1297
	color={
		218 215 56 
	}
	members={
		101 102 103 104 115 116 117 118 121 123 124 125 126 127 201 202 1297 1862 1875 1934 1247 3123 3124 3125 3126 3127 3129 3131 3132 3133 3134 3135 4917 4921 4925 4926 4927 4928 4979 4980 4981 
	}
	end=yes
}
venice={
	location=1308
	color={
		54 167 156 
	}
	members={
		105 106 107 108 109 111 112 113 114 119 120 122 129 130 1308 1769 1774 1933 3128 3130 4918 4919 4920 4922 4923 4924 4973 
	}
	end=yes
}
xian={
	location=700
	color={
		129 114 11 
	}
	inland=yes
	members={
		681 688 689 693 694 698 699 700 701 709 1836 2461 2462 2463 2490 2492 2503 2504 2505 2506 2507 2508 2886 3163 3170 3171 3172 3178 3180 3252 3256 3265 3209 3208 3175 3229 3179 3225 3194 3195 3196 3224 3226 3192 3191 3190 3223 3230 3231 3232 3240 4328 4637 4833 4834 4828 4892 4893 4888 4886 4887 4884 4885 4867 4866 4865 4863 4862 4869 4870 4891 4890 4889 4895 4881 4880 4879 4878 
	}
	end=yes
}
