#Example: Large parts of Africa and south east Asia
#max_provinces = 4801
#below line shows we create more province from et's UnusedLands
#3149 - 3339 
#below lines shows et exist have these provinces , but we take them to do my job
#4324 - 4332
#below lines shows we let them be unused (RNW) , but they are used in et (chinese regions) they conflict us.
#4333 - 4343
#below lines show 2 provnces in et , no changed.
#4344 - 4345
#below lines et take them used in chinese regions but conflict us , we take them to impossible provinces. 
#4346 - 4356
#below lines et take them two provinces to korea ares provinces,  but we take them RNW lands.
#4357 - 4358
#below lines start from et the same with us.
#4359 --- end
#--------------------------------------------------------------------
#2018.12.21 fit to 1.28
#2019-05-05 modify climate.
tropical = {
# Southwest Africa
1164 1165 1166 1167 1169 2037 1171 1172 2059
2164 2846
1170 1168
# North and West Africa
1114  1117 1118 1119 1120 1121 1122 2316 1125
1126 1136 1137 1138 1139 1140 1141 1143 1144 1145 1146 1147
1149 1150 1151 1152 1153 1154 1155 2041 1161 1162 1163 1249
# More West Africa
2312 2359 2315 2319 2327 2334 2335 2332 2329 2342 2344 2065 2339 2337
2313 2317 1124 2331 2333 2328 2343 2345 2346 2340 2338 2341 2336
# Africa
2854 1182 1183 1184 2852 1186 1191 1187 2851 1190 1189 1192 1193 1194 1195 1196 1197 1198 1199 1200 1201 1202 2853 1188 1185
# India
527 529 530 2212 533 2224 2223 546 547 548 549 552 2232 561 564 568 570 572 573 574 580 
1946 2219 2226 2213 531 2211 2209 2208 542 2248 2249 2253 2230 553 2231 2227 2205 2229 543 2228 2210 2222 2254 2207 2217 2216

####按照MOD V7.4 稍微添加的部分
4842 4819 4817 4818 4815 4801 4805 4331
####
#China
#rab_ delete 2857 / 3149
660 2468 663 666 2471 2472 2470 2473 664 2469 2467 2466 3173 4164 4165 
# Pacific Islands
1235 1236 1237 1238 1239 1240 1241 1242 1243 1244 1245 1792 1986 1987 1988 1989 1990 1991 1992 1993 1994 1995 1996
1997 1998 1999 2869 2874 2873 2872 2871 2870 2875
# Indonesia
617 618 2402 620 621 622 623 624 625 2412 627 2413 628 630 631 632 633 634 2095 636 637 638 639 2418 641 642 643 644
645 646 647 648 649 650 651 652 653 654 655 656 657 658 659 
2383 613 610 2387 2386 2388 2389 2390 2392 2391 2379 2381 2382 2380 2378 2377 2393
2376 2375 2394 2395 2398 2397 2396 2257 2258 2256 2255 2371 2259 2372 2370 2373 591
#More Indonesia
2399 2400 2403 2406 2407 2409 2405 619 2404 2408 2401 2410 2411 629 626 2414 2415
2416 635 2867 2860 2859 2861 2862 2864 2863 2425 2417 2009 640 2420 2429 2424 2422 2423 2421
2428 2427 2866 2865 2868
# Parts of Australia
2103 2104 2105 2106
# Amazonas and others
747 748 758 800 803 2067 821 822 2069 2716 2717 2723 2728 2733 2732 775 2071 2818 2073 2788 2787 2786 2789 2790 767 2804 2817 2075 2827 2822 2074 2820 2722 2727 750 2070 815 2768 2767 2735 2778
771 2779 770 2780 #Rio Grande
759 765 2800 2793 2794 2796 2795 #Minas Gerais
2791 2801 2802 2072 2803 2792 #Goias
2785 2784 774 #Mato Grosso
766 768 769 2781 2782 2783 #Sao Paolo
756 757 760 761 2807 2797 #Bahia
749 752 2814 2815 2805 2816 #Maranhao
2830 743 834 2828 742 2829 2833 2832 2831 #Venezuela
828 829 2712 #New Andalucia
744 2826 746 745 2819 #Guyana
2777 799
# South East Asia
582 606 607 608 609 1016 611 612 616 614 615 2384 1844
567 579 581 583 584 585 586 587 588 589 590 2374 592 593 594 595 596 597 598 599
600 601 602 603 604 605 2385 1823 1817 1022 1815
# Wasteland
1789 1796 1797 1798 1799 1800 1802 1803 2426

538 551 560 818 833 1947 1949 1950 2157 2214 2221 2711 2715 2799

2821 2068 2824 2823 2076 2233 2825 2318 2326 2016 2128 2066 2042 2040 2038 2159 2039 2158 2043 2129 
2845 2669 2670 2045 2064 2057 2153 2036 2150 2033 2173 2172 2058 2160 2161 2032 2034 2035 2165 2167
2166 2030 2855 2856 2027 2171 2026 2163 2127 2162 2028 2029 2850 2031 2419 3089 3090 3091 3093 3142
3143 3144 3145 3146 3147 4166 4167 4168 4169 4170 4171 4172 4173 4174 4175 4176 4177 4178 4179 4180 
4181 4182 4183 4184 4185 4186 4187 4188 4189 4190 4191 4192 4193 4194 4195 4196 4197 4198 4199 4200 
4201 4202 4203 4204 4205 4206 4207 4208 4209 4210 4211 4212 4213 4217 4226 4227 4218 4220 4221 4222
4229 4230 4231 4232 4233 4234 4235 4252 4253 4254 4255 4256 4257 4258 4259 4260 4261 4269 4270 4271
4302 
4474 4475 4476 4477 4478 4479 4480 4481 4482 4485
4516 4517 4518 4519 4520 4521 4522 4523 4524
4525 4526 4527 4528 4531 4533 4537 4538 4539 4540 4541 4542 4544 4545 4546 4548 4549 4550 4551 4552 
4558 4560 4561 4562 4563 4564 4565 4566 4567 4569 4570 4571 4579 4589 4590 4592 4593 4594 4595 4596
4744 4753 4756 4761 4762 4763 4765
}

arid = {
# Persia
432 433 2300 435 438 447 455 575 576 577 2302 2187 2301 434 2298

# Arabia
390 391 392 393 403 404 2275 383 384 385 386 2540 402 380 381 2528 2529 2530 2531 2536 2535 2534 2533 2532 2545 2544 2130 389 2539 2538 394

# Wasteland
1779 1793 1794 1795 1786 1790 1791 406 3335

# North Africa
346 347 349 350 351 352 353 355 2517 365 1111 1128 1131 1132 1133 1134 1135 1127 2519 2525 2004 2520 2521 2522 357 2518 2055 2588 2587 2589 2586 2585 2580 2579 2578 2573 2581 2048 2592

#The Sahel
1112 1113 1115 1116 1123 1129 1130 1142 1148 1156 1160 1158 1159
2310 2309 2306 2305 2314 2308 2307 2321 2320 2322 2325 2323 2324 2330 2349 2348 2350 2347 2352 2351 2053 2049 2353 2356 2354 2355 1157 2358 2357 2311


# East Africa
2664 1216 2047 1221 1233 1231 1232  1234 1203 1204 1205 2696 1207 2689 1209 2687 1211 1212 1213 2678 2003  2051 2044  1220  1222 1223 1224 1225
1226 2673 1228 1229 1230 2697
2679 2674 2675 2681 2680 2676 2677 2685 1210 2686
2682 1217 2672 1227 1208 2684 2691 2671 2693 2692
1214 1215 2046
2683 1218 2688 2707 2704 2703 2705 2702 2147 2701 2698 1206 2700 2694 2695 2690 2706 2699 2708 2593 2667 2668 2666 1219 2665
4297

# Namibia
1173 1174 1175 1176 1801 2848 2595 2847

# Central Asia 
437 441 442 444 458 1784 1968 2292 2293 2432

#Tarim Basin
710 712 739 2881 2883
3292 3293 3294 3295 3296 3301 3302 3321

# India
503 504 2186 506 512 513 514 2188 2194 2195 2182 2183 2184 505 2185

# Northern Mexico
862 863 864 865 866 867 876 877 878 879 880 881 882 1808 1809 2134 889 890 891 885 868 859 860 861

# North America changes
875 2921 2922 2930 2933 2931 2932 2934 2936 2937 2940 2919 2918 2920 2938 2917

#Australia
2098 2100

#Patagonia
2748 2747 782 2752 2753 2751 781 780 2749 3063

#Southern Pampas
779 2759 789 786 2758

348 354 356 401 405 439 443 452 469 470 471 2079 2080 2082 2083 2084 3055 2935 2126 2170 2025 2169 2168 2177 2024 2709 2056 2571 2594
2062 2050 2590 2052 2054 2591 2565 2061 2063 1110 2015 2541 2102 2101 2096 2099 2117 2109 2097 2435 2303
1970 2286 2287 2295 2296 2297 2304 2430 2436 2437 2439 2441 2537 2574 2750 4453 4455
2114 2115 2116 2113 2112 2111 2110 4214 4215 4216 4219 4223 4224 4225 4228 4236 4273 4334 4336 4337 4339 4340
1854 2299 2542 2547 4392 4393 4394 4395 4396 4397 4398 4399 4400 4403 4404 4405 4406 4407 4408 4409 4443 4448 
4619 4623 4624 4655 4710 4713 4714 4715 4716 4717 4725 4754 4776 4777 4778 4779 4780 4781 4782 4783 4784 4787 4792 
4794 4796 4797 4798 4651
}

arctic = {
# Siberia
1035 1036 1037 1038 1039 1040 1041 1042 1043 1044 1045 1046 1047 1051 1052 1054 1055 1059 1061 1062 1064 1067 1068 1069
1070 1071 1072 1073 1074 1075 1076 1077 1078 1080 1963 1964 2843 2118 1780 2899 2894 2895 2896 2900 2902 2903 
2901 2907 2904 2908 2906 2905 2910 2911 2912

# North America
977 978 979 
996 997 998 999 1004 1005 1006 1009
3030 3034 3032 3014 3015 3016 3017 3019 3020 3033


# Wasteland
1781 1782 1783 1804 1805 1806 1807 1810 1811 1812 1814 3322 3323

# The Cold North

370 371 1104 1105 21 18 1777 1776 315 1955 313 3317 3318 3319 3320 

2005 2088 2089 2090 2119 3048 3049 3092
2077 2452 4262 4282 2093 1813 3038 3039 2087 3041 3042 3043 4335 4381   
}

#Example: Most of Europe north of med.
mild_winter = {

#New
	3186 3188 3187 3170 3181 3339 3171 3230 694 3169 3266 2500 691
	2502 3254 2499 3185 2019 690 3184 3167 3168 4326 3239 685
	3255 2501 3215 3267 2503 688 2493 4893 4894 3330 4888
	4892 4833 4891 4890 4889 4895 4881 4880 4879 4878 4882 4876 4877 4883
	4886 3172 700 4884 4885 4887 3225 3179 3175 4867 4863 4866 4862 1836 4865
	2492 3256 4869 4870 3180 3229 687 2494 4864 4847 4848 4850 2496 4844
	2495 3207 4852 4858 4857 4854 4859 4872 4871 4856 4855 4873 4874
	4853 4875 3208 3209 4834 2490 3163 4861 4860 4846 2504 4868


# Scandinavia
  6 12 13 14 15 26 1981 1982 1983 1984
# German North Sea Coast
44 54 55 1775 1931
# The Low Countries
87 88 89 90 91	92 93 94 95 96 97 98 99 100 1742 1743 1744 1866 1865 1878
# North and West of France
 167 168 169 170 171 172 173 174 175 176 177 178 179 180 181 182 183 184 185 186 187 188 189 190 191 192 193 194 195 196
198 199 203 204
# North Coast of Spain
206 207 209 1745
# Northern Italy
103 104 107 108 111 1769 1862 
# England
233 234 235 236 237 238 239 240 241 242 243 244 245 1860 1861
# Border with the Med
128 132 139 140 141 150 152 1765 1766
# Black sea coast
159 282 284 285 286 287 1764 2607 2608 2610 2609 2611 2615 2614
# Central Anatolia
322 323 324 326 329 411 1846 1848 2363 2364 2368 2271
# Central Iran
413 414 415 416 417 2269 419 420 421 424 425 426 2295 428 429 432 433 435 2297 446 447 577 
# Border of Steppe
437 438 439 440 441 442 443 454 455 457 456 464 2292 2433 2431 2432 2430 2616 2617 2293
# Greater China region
# rab_
# add 3199 3189 3193 3190 3223 3206 3231 3232 3200 3201 3252 3253
2457 689 2505 695 692 697 698 699 701 703 704 708 713 715 726 1816 2510 2551 714 677 2456 2458 678 696 
2464 693 2506 2508 2507 2462 2463 2461 3174 4315
3199 3200 3201 3189 3193 3190 3223 3231 3232 3252 3253 3290

# Hilly bits of Northern India
2193
# Wintery bits of the west coast
871 872
# West coast of Japan
885 891 892 896 899 918 934 935 936 937 939 940 948 941 950  
1023 1024 1025 1026 1826 1830 1831 1837
# Wasteland
1808 
#
1774 129 131 1828 1827 1974 1973 1970 1969 1879 1877 
# Persian Additions
2124 2263 2282 2152 2148 2281 2262 2279 2280 2283 2285 427 2286 2288 2289 2299 2287 430 2304 2303 2302 2301 2298 2296 2294
# North America changes
894 897 952 873 874 972 973 2935
2943 2954 2955 2953 2985 2984 2986 2983 
2975 2974 2978 

2018 2010 2121 2603 2013 2885 2927 2083 3103 3104 3105 3117 3124 4243 4244 4245 4277 4287 4288 4289 4295 4298 4300
#rab_ modifiy
3182 2549 3191 3192 3224 3194 3195 3226 3196 3197 3198 707
3178 2284 436 4322 3297
#EX 1.25 - 1.27 ADD
458 509 511 711 732 734 795 804 807 1027 1028 1085 1087 1109 1246 
1756 1835 1843 2017 2020 2182 2509 2512 2513 2514  
2729 2738 2739 2740 2741 2747 2748 2753 2754 2757 2765 2766
2876 2877 2878 2882 2883 2884  
4318 4321 4324 
4325 4328 4334 4336 4337 4338 4339 4340 4362
4415 4416 4417 4418 4422 4426 4429 4430 4432 4433 4434 4435 4436 4437 4444 
4445 4446 4448 4449 4450 4451 4453 4454 4455 4456 4458 4459 4460 4461 4464 4465
4491 4492 4493 4494 4495 4496 4497 4498 4499 4500 4501 4505 4506 4507 4508 
4509 4510 4511 4512 4513 4514 4515 4568 4601 4602 4603 4609 4610 4639 4644 4687 4688
3305 3303 4900 3316 3315 3312 3314 3313 3307 1845 733 3304 4901 4896 4897 4902
4931 4927 4924 4903 4925 4930 4932 4933
#mod 9.2.4 eu4 1.30.4
4697 4945 4952 4948 4953 4976 4958 4973 1863
}

#Example: Inland Europe & Scandinavia
normal_winter = {
		# Scandinavia
		1 2 3 4 5 7 8 9 16 17 22 23 24 25 27 28 29 34 35 36 37 38 39 1930 1985
		# The Baltic Coast
		40 41 42 43 45 46 47 48 2837 2149 2605
		# Inland Germany
		49 50 51 52 53 56 57 58 59 60 61 62 63 64 65 66 67 68 69 70 71 72 74 75 76 77 78 79 80 81 82 83 84 85 86 1757 1758 1759 1760
		1761 1762 1763 1858 1857 1859 1874 1876 1880
		# Austria and the Balkans
		133 134 135 153 154 155 156 157 158 160 161 162 1767 1770 1772 1864
		# Scotland
		246 247 248 249 250 251 252 253
		# Poland and Lithunania
		254 255 256 257 258 259 260 261 262 263 264 265 266 267 269 270 271 272 273 274 275 276 277 278 279 280 281 283 288 289 290 2602
		291 292 1771 2606
		# Ireland
		372 373 374 375 376
		# The not quite so cold parts of the Steppe
		465 466 467 468 469 470 471 472 473 474 475 476 477 478 479  480 2450 2434 2612 2842 2841
		# Mountains in Afghanistan
		444 445 450 453
		#Mongolia 
		2444 461 2887 720 722 723 2555 727 730 2554 725 2552 2553 2550 2889 2446 2888 2435 459 2556 2557 2891 2886 702
		709
		#Mongolia rab_add
		3243 3245 3246 718
		3300 3299 3298 3336 3337 3338
		# Siberia 1033 => change to rab_ mild_winter 
		1032 1056 1057 1060 1852 1031 2897
		# Siberia rab_ add
		3247 3248 3251 3202
		# Cold bits of the west coast
		889 890 898 902 905 915 943 946 947 949 951 954 955 956 957 958 959 960 961 962 963
		964 965 966 967 968 969 3001 982 983 984 985 989 1847
		#
		1954 1951 1952 1953 1940 1939 1841 1938 1935 1936 1937 1842 1834 1960 1941 1942 1943 1944 1945 1965 1966 1967 1968
		1971 953 2136 2146 2135 3002 
		# Persian Additions
		449 2266 2261 2267 2176 2174
		# Eastern Anatolia
		331 2268 2270 418
		
		# Modified NA
		900 916 917 942 944 987 993 3012 3024 3021
		2951 2952 2979 2980 2982 2981 2992 2993 2989 2990 2991 2995 2996 2997 970 3003 3005 3006 3007
		3241 3242 1033 3203 728 729 731 3268 3269 3270 3271 3276 3278 2563 2564 1850 3284
		268 460 578 780 781 782 783 784 785 788 791 1066 1095 1868 1872 2006 2122 2180 2436 2437 2438 2451 2449 2448 2447 
		2445 2443 2442 2441 2439 2440 2515 2745 2746 2749 2750 2755 2756 2763 2840 
		2155 2154 1978 1979 2994 2084 2082 2079 2890 2618 3063 3088 
		3094 3095 3096 3097 3098 3099 3100 3101 3102 3106 3107 3108 3109 3110 3111 3112 3113 3114 3115 3116 3118 3119 3120 3121 3122 
		4237 4238 4239 4240 4241 4242 4248 4249 4250 4251 4263 4274 
		4290 4291 4292 4293 4294 4296 4299 4323 4330 4332 4333  
		4365 4366 4368 4370 4371 4421 4424 4425 4427 4457 4462 4463 4486 4487 4488 4489 4490 4502 4503 4504 4642
		4663 4664 4665 4666 4667 4668 4669 4670 4671 4672 4673 4674 4675 4676 4677 4678 4679 4680 4681 4682 4683 4684 4685 4686
		4359 4360 4361 4363  
		369 3206 3291
		4904 4905 4906
		4936 4937 4938 4939 4940 4941 4934 4907 4944
		4946 4947 4949 4950 4951 4954 4955 4956 4959 4960 4961
		4962 4963 4964 4965 4966 4967 4968 4969 4970 4971 4972 4974 4975 4977 4978
		4979 4980 4981 4982 4983
	
}

#Example: Russia & Lappland
severe_winter = {
# Scandinavia
10 11 18 19 20 21 30 31 32 33
# The Alps
73 110 165 166 205 1768 1867 1869 1870 1871 1873
# The Pyraneese
210 211 212
# Mother Russia
293 294 295 296 297 298 299 300 301 302 303 304 305 306	307 308 309 310 311 312 313 314 315 1752 1753 1754 1755 1776 1777 1778 2613 2909 2844
# The Cold North
370 371 1104 1105 1063 1065 
# Hindukush & Afghanistan
448 451 2177 
# India
554 557 565 1788 2239 508 2179 2243
# Siberia
1034 1035 1036 1037 1038 1039 1040 1041 1042 1043 1044 1045 1046 1047 1051 1052 1054 1055 1059 1061 1062 1064 1067 1068 1069
1070 1071 1072 1073 1074 1075 1076 1077 1078 1079 1080 1081 1082 1083 2619 2620 2839 2838 2621 2118 1780 2843
2894 2895 2896 2899 2902 2903 2900 2901 2907 2908 2904 2906 2905 2910 2911 2912
3286 3285 3287 3288 3289
# The Caucasus
422 423 462 2260 1856
# Manchuria & Mongolia & Xinjiang
716 717 719 721 724 2559 1049 2898 1053 1058 2560 2562 2893 452 2558 2892
# Manchuria & Mongolia & Xinjiang rab_ add
3244 3249 3250 3282
# Tibet
2454 2455 3326 3327 3328 706 705 2460 1787 4631
3333 3331 3334 3236 2459 3261 3329 3332
# Alaska
974 975 976 977 978 979 1809 901 903 904 906 907 908 909 910 911 912 945 988 990
991 992 986 994 995 996 997 998 999 1000 1001 1002 1003 1004 1005 1006 1007 1008 1009 1010 1011
# Wasteland
# rab_ add 3213 3214
1781 1782 1783 1785 1804 1805 1806 1807 1810 1811 1812 1813 1814   
3213 3214 3262 3306 3325 3324 
#
1961 1959 1957 1956 1958 1955 1964 1962 1963 1972
2131 2092 2086 2144 2132 2133 2094 2142 2140 2141 2145 
# Persian Additions
2264 463 2265 2175 2178 
# North America additions
913 914 971 980 981
2077 2078 2081 2085 2134 2137 2138 3053 3050 3051 3052 3056 3057 3058 3059 3060 2946 2947 3061 3062 2948 2949 2950 2988 2987 2998 2999 
3000 3004 3008 3009 3010 3011 3013 3014 3015 3016 3017 3018 3019 3020 3026 3022 3023 3027 3028 3029 3030 3054 3055
3032 3033 3034 3035 3037 3036 3038 3039 2087 3040 3041 3042 3043 2091 3044 3046 3045 3049 3048 3047 2945 3025 2944
2088 3031 2093 2089 2090 2005 2119 2452 676 2453 2561 3092 3139 4246 4247 4262 4264 4275 4276 4282 4283 4285 4286 
4335 4344 4345 4347 4349 4350 4367 4369 4372 4373 4374 4375 4376 4377 4378 4379 4380 4381 4382 4383 4384
4385 4386 4387 4388 4389 4390 4391 4423 4428 4599 4600 4632 4633 4634  4635 4636 4640 4641 4646 4656 4657
4662 1050 3204 3205 3283 3277
3272 3273 3274 3275 3279 3280 3281 1048 4898 4899 
4935 4929 4957
}

mild_monsoon = {
####New	按照MOD V7.4 稍微添加的部分
	3219 4840 4839 4838 3257 3165 4841 4827 4821
	3259 672 4820 3227 2486 4828 3265 3162 3221 
	4637 1838 3166 3220 4851 4845 4849
	  
####
2218 4534 4535 # Tanjore
4527 4526 2216 4528  # Lanka
538 1947 4533 # Kongu
539 540 2219 2220 4536  # South Carnatic
543 4537 4538 4539 # North Carnatic
533 2221 4540 4541 4545 # Mysore
541 1949 2222 4542 4543 # Rayalaseema
532 2211 4547  # Raichur Doab
2224 542 4555 4558 # Golconda
569 1948 2225 4554 # Maidan
544 545 4551 4552 4556 # Ahmednegar
2200 521 515 4573 4574 # Saurashtra
527 4553 4572 # Khandesh
510 2190 4530 4582 # Sirhind
507 2189 2181 4627 4630 # Lahore
2198 518 2196 4618 4581 # Mewar
586 4522 # Lower Burma
4517 4519 585 4518 # Central Burma
2255 580 4516 2256 # Chindwin
583 588 2259 4520 4525 # Shan Hills
587 2372 4521 # Karenni
600 603 2376 2375 # Central Thailand
601 602 1817 589 # Northern Thailand
617 2399 # Aceh
609 2390 # Cambodia
605 2388 # Mekong
652 653 4480 # West Mindinao
1025 1026 4277 4322 # Tohoku
1014 1818 4312 # Kyushu
1017 1019 1825 4314 # Sanyodo
1845 # Pyongyan
671 2485 # Hunan
682 681 4327 # Hubei
686 2482 2483 # south Anhui
2498 1821 1822 2497 # South Jiangsu
1113 1116 # Jolof
1120 1121 2316 2315 # Manding
1123 2317 2319 # Massina
1134 # Jenne
1135 1136 1137 2330 2329 # Lower Volta
1150 1154 2342 2341 # Zazzau
1148 1149 2354 # Katsina
1155 2344 2343 # Kano
1142 2350 # Dendi
2314 # Wagadu
1160 2041 2355 2345 1157 # Bornu
1158 1159 2065 2358 2357 # Kanem
4269 # Kongolese Coast
1098 1167 1171 1168  # Angola
4167 4170 4171 # Matamba
4169 4172 4175 4176 2164 # Kasai
2027 4177 2161 # Chokwe
2127 4187 2162 # Zambia
4180 2160 4181 4182 # Luba
2034 4203 1197 4202 4199 # Buha
2167 1198 4206 2166 2030 # Tanzania
4207 2165 4205 # Buzinza
3145 3147 # Antemoro
1200 1202 1203 # Mombasa
4191 4193 4192 # Makuana
4194 2029 4196 4197 # Ruvuma
2850 4190 1799 # Shire
2802 2072 2803 # Pontal
758 767 2791 2801 2792 # Goias
765 2794 2795 # Minas Gerais
766 769 2782 # Sao Paolo
768 2781 2783 # Guayra
2073 2788 2787 # Guapore
2784 774 # Ofaie
775 2789 2790 # Mato Grosso
2070 # Grao Para
749 2816 # Maranhao
771 2779 770 # Rio Grande do Sol
2105 2106 # Northern Australia

742 818 821 822 833 2045 2064 2069 2102 2157 2171 2669 2670 2715 2716 2717 2793 2827 2830 2832 4184 
4189 4217 4220 4232 4236 4753 4756

#rab_ add
3218
}

normal_monsoon = {

#########New	按照MOD V7.4 稍微添加的部分
4801 4805 4806 4802 4815 4804 3235 3234 3238 3237 4808 4809 
3233 4807 4812 4814 4837 3258 4811 4813 3263 4810



#########
534 535 537 4529 4532 # Malabar
2223 549 2228 2229 4544 # Andhra
1946 2209 4550 # Desh
2226 4557 4563 # Telingana
552 2248 2230 2231 4560 # Orissa
560 2246 4569 4589 4590 # Jharkhand
2203 2201 516 4629 4576 # Ahmedabad
2199 4575 4598 # Patan
526 2202 2205 740 4580 # Malwa
519 520 2194 4617 # Jaipur
525 528 2204 4583 4584 # Gird
558 4588 4591 4607 # Bihar
2242 4602 4605 4606 # Mithila
555 2240 2241 4608 # Purvanchal
523 2238 4611 4612 4614 # Oudh
524 556 2236 4613 # Lower Doab
2237 4615 4616 # Katehar
522 2192 2191 # Upper Doab
4568 2122 # Kashmir
572 2217 # South Lanka
582 2257 2258 4523 4524 # Kachin
595 596 2398 # Malacca
620 3089 2403 2406 2407 # Riau
618 2402 2400 # Batak
2401 # Gayo
604 1823 2392 # Cambodia
2389 2391 # Mekong
606 607 1022 2387 2386 # Champa
608 611 614 2381 # South Laos
615 1844 2383 2379 # Noth Laos
616 2384 613 # Song Hong
1016 2385 610 # Tonkin
638 2424 2422 2423 2421 # Kutai
627 2413 2414 2415 # East Java
630 2411 # West Java
631 632 2416 # Lesser Sunda Isles
643 644 2419 2428 # North Sulawesi
633 2095 635 # Timor
645 2867 2865 2868 # Molucca
648 649 650 # Spice Islands
654 2862 4477 4478 4479 # Visayas
2864 2863 4481 # Mindinao
651 655 4482 # Palawan
657 658 2859 4474 # North Luzon
656 2860 2861 4475 4476 # South Luzon
1237 2874 2873 2872 2871 # Papua
1012 1015 4310 4311 # Southern Kyushu
1819 1820 4316 # Shikoku
1029 1839 4318 4484 3183# Eastern Chubu
1030 1835 4483 # Western Chubu
1020 1021 1832 4317 # Kinai
1018 1830 4313 4315  # Sanindo
1023 1024 1837 # Hokuriku
1028 1843 4319 # Western Kanto
1027 4320 4321 # Easter Kanto
733 735 4356 # Western Korea
2512 734 736 2511 # Eastern Korea
737 1013 2516 4354 4355 # Southern Korea
667 668 2476 2475 2474 # Guangdong
665 666 2471 2472 2470  # West Guangdong
669 1829 2478 2477 # Fujian
670 683 1833 2484 # Jiangxi
684 1824 2481 2480 2479 # Zhejiang
738 2858 2857 # Taiwan
2473 2469 # Guangxi
2311 # Jolof
2318 2326 2327 1124 # Kong
1138 2334 2331 2335 2328 # Lower Volta
1140 1143 2338 2337 2336 # Atacora Oueme
1144 1145 1146 1152 1153 # Lower Niger
1161 1162 1249 2346 # Adamawa Plateau
1166 4271 2845 # Kongolese Coast
4168 1169 1170 2037 4166 # Kongo
2059 2846 4173 2058 # Lower Kasai
4174 2172 4179 # Sankuru
4178 4185 2032 2163 4186 # Shaba
2035 4183 4204 # Rwanda
4211 2036 4208 # Uganda
4209 2153 4210 # Bunyoro
1798 2709 4212 2150 4213 # Kenya
1193 4252 1194 4253 4259 # Sakalava
1792 4254 4257 # Madagascan Highlands
2854 1195 4195 2060 # Mozambique
1196 2856 2855 1199 1201 # Central Swahili Coast
4198 4200 4201 # Ngonde
1183 1186 1192 # Quelimane
1184 2853 1188 1185 # Zimbabwe
761 762 763 764 # Rio De Janeiro
775 2786 2789 2790 # Mato Grosso
1126 1139 1141 2333 2332 # West African Coast
2071 2075 2822 2074 # Amazon
747 2820 2819 # Amapa
748 2818 2817 # Grao Para
2780 # Rio Grande Do Sol
1103 1100 1101 1102 1248 1999 1998 # Indian Ocean islands
2103 2104 # Top End
1996 1995 1235 1993 1992 1994 1991 1236 # Pacific Ocean islands

815 1125 1796 1800 1802 1803 2008 2014 2016 2033 2043 2066 2067 2068 2070 2076 2129 2158 
2723 2727 2728 2732 2733 2787 2788 2821 2823 2824 2825 3142 4233 4235 4270 4765
}

severe_monsoon = {
2212 2213 531 2214 4546 # Kanara
529 530 2210 4548 # Konkan
517 2208 4549 # Tapti
546 548 2227 4561 4562 # Berar
2206 550 2207 4577 4579 # Gondwana
547 553 4564 4565 4567 # Garjat
2232 2233 4566 4570 4571 # Upper Mahanadi
564 2249 4592 4593 4596 # East Bengal
561 2247 4594 4595 # West Bengal
567 2254 # Tripura
563 2244 4597  # Gaur
562 2245 2250 4604 # North Bengal
566 571 2252 2251 4559 # Assam
570 573 2253 # Naga Hills
2234 551 4587 # Baghelkhand
559 2235 4578 4585 4586 # Bundelkhand
509 511 2193 4610 # Himalayan Hills
4609 4639 554 # Baisi Rajya
557 2239 2243 4601 4603 # Nepal
568 579 2370 # Rakhine
590 1815 2373 # Lower Burma
2374 592 591 2393 # North Tenasserim
593 594 2394 2395 2396 # Tenasserim
597 598 599 2397 659 # Malaya
621 622 623 2409 # Lampung
2405 619 2404 # Minangkabau
634 3090 3091 2408 # Indonesian islands
604 # Oudong
639 2418 640 2420 2429 # Kalimantan
636 637 2425 2417 2009 # Brunei
2412 628 629 626 # Central Java
624  2410 625 # West Java
641 642 2427 2866 # South Sulawesi
646 647 # Ceram
1245 2869 2870 2875 # Vogelkop
1118 1119 2313 2359 # Gulf of Guinea
1151 1163 1164 1165 # Guinea
1097 2123 # Sao Tome
1147 2340 2339  # Benin
1114 1117 2312 # Futa Jallon
4255 4256 3146 # Betsimasaraka
4258 4260 # Antemoro
1950 1787 2426 1789 1122 # Wastelands

1797 2038 2039 2040 2042 2057 2128 2159 2173 3093 3143 3144 4230 4231 4234 4485
}

impassable = {
	1306 # this is the yangmayan province
	#原本的et把下面的省份都歸為山脈不可通行之
	#4640 4641 4642 4643 4644 4645 4646 4647 4648 4649 4650 4651 4652 4653 4654 4656 4657 4658 4662
	4640 4641 4642 4643 4645 4646 4647 4648 4649 4650 4656 4657 4986
		#4640;90;137;140;Himalaya #喜馬拉雅山 <-- 同意不可通行
		#4641;210;167;10;Himalaya # 改名為帕特凱山<-- 同意不可通行
		#4642;30;197;20;Gaoligong Mountains #高黎貢山 <---同意不可通行
		#4643;150;17;50;Kunlun Shan #崑崙山 <---同意不可通行 (n)
		#4644;70;47;70;Taklamakan # 塔克拉瑪干 <---不同意改為可通行省份 變成且末
		#4645;190;77;100;Pamir #帕米爾山脈 不可通行 <-- 同意不可通行 
		#4646;110;107;110;Pamir #帕米爾山脈 不可通行 <-- 同意不可通行 (n)
		#4647;10;137;130;Grand Erg Occidental #沙漠不可通行 <---同意不可通行
		#4648;130;167;140;Grand Erg Oriental #沙漠不可通行 <---同意不可通行
		#4649;50;197;10;Erg Iguidi #沙漠不可通行 <---同意不可通行
		#4650;170;17;20;El Djouf #沙漠不可通行 <---同意不可通行
		#4651;90;47;50;Idehan Ubari #沙漠不可通行 <--- 改為跟2591省份同步
		#4652;210;77;70;Idehan Murzuk #沙漠不可通行 <--- 改為跟2592省份同步
		#4653;30;107;100;Ramlat Rebiana #沙漠不可通行 <--- 改為跟1794省份同步
		#4654;150;137;110;Great Sand Sea #沙漠不可通行 <--- 改為跟1795省份同步
		#4656;190;197;140;Caucasus #高加索 <---同意不可通行
		#4657;110;17;10;Caucasus #高加索 <---同意不可通行
		#4658;10;47;20;Air Massif #沙漠 <--- 改為2049同步 從1901年開始 
	#RNW Wasteland provinces
	4090 4091 4092 4093 4094 4095 4096 4097 4098 4099 4100 4101 4102 4103 4104 4105 4106 4107 4108 4109 
	4110 4111 4112 4113 4114 4115 4116 4117 4118 4119 4120 4121 4122 4123 4124 
	#impossible accross by rab_ created.
	4347 4348 4349 4350 4352 4353 4354 4355 4356 
	#4346;215;47;130;Himalaya mountains;x	#impossible area from my mod 6.0 喜馬拉雅山
	#4347;30;77;14;Kunlun Mountains;x		#impossible area from my mod 6.0 庫倫山
	#4348;155;107;111;Tianshan;x				#impossible area from my mod 6.0 天山
	#4349;70;137;2;Hengduan;x				#impossible area from my mod 6.0 横断山脉
	#4350;19;167;5;Altai;x					#impossible area from my mod 6.0 阿尔泰山脉
	#4351;110;197;7;Kalpacien;x				#impossible area from my mod 6.0 喀尔巴阡山脉
	#4352;44;38;23;Alps;x					#impossible area from my mod 6.0 阿尔卑斯山
	#4353;10;56;51;meilida;x					#impossible area from my mod 6.0 梅里达山脉
	#4354;114;190;25;andisi;x				#impossible area from my mod 6.0 安地斯山
	#4355;96;189;10;cau;x 					#impossible area from my mod 6.0 高加索山脉
	#4356;53;37;18;bilibili;x				#impossible area from my mod 6.0 庇里牛斯山
	4357
	#4943;220;32;204;Changbai Mountains;x #長白山 no possible cross
	4943
}

equator_y_on_province_image = 656
